23
13
43
11
40
33
11
23
40
13
13
23
11
33
30
33
11
40
30
23
30
13
40
33
23
23
30
40
11
43
30
43
33
23
11
40
30
13
43
11
40
13
23
33
30
30
43
13
33
23
43
11
33
13
23
23
11
13
30
33
43
23
11
40
33
30
40
23
11
33
13
23
40
43
30
23
40
11
30
13
23
13
40
33
43
13
30
11
23
43
11
23
43
33
30
11
23
30
40
43
11
23
30
33
13
40
23
33
43
13
30
33
43
11
13
23
13
40
33
43
33
11
40
30
43
23
30
43
13
11
43
23
11
13
33
13
11
40
43
23
23
43
30
40
11
33
13
30
43
40
11
43
13
30
33
33
30
40
23
43
43
33
23
11
40
43
13
30
23
40
40
43
30
11
33
13
40
33
43
30
40
13
33
11
30
13
43
33
11
23
11
23
33
13
30
43
33
13
40
30
30
33
23
11
43
33
23
30
13
40
40
11
43
33
30
43
23
30
13
40
33
23
13
30
40
33
30
11
13
43
40
11
33
13
23
11
33
43
13
30
11
43
40
13
30
30
43
13
23
33
