9
29
67
83
18
50
71
79
45
2
23
31
22
26
76
71
85
28
57
66
9
84
49
55
82
60
76
28
83
81
46
53
71
9
48
46
67
62
2
53
25
13
88
21
33
9
1
69
68
5
71
98
60
77
86
61
37
16
64
23
8
94
71
86
69
50
51
28
45
98
69
17
97
89
56
21
86
84
1
5
7
36
30
61
47
40
42
62
0
43
39
8
41
4
64
72
75
4
89
68
97
27
93
73
98
68
51
32
8
87
52
45
51
56
47
17
78
4
23
41
34
70
58
10
97
25
12
29
56
60
38
52
56
4
62
47
96
55
68
50
46
94
64
78
7
49
63
23
98
71
49
57
24
70
76
42
32
72
86
94
56
67
69
38
51
39
43
61
3
34
67
6
36
84
96
85
29
67
89
62
19
27
51
55
23
38
46
83
37
56
98
23
73
48
74
52
0
49
12
55
79
71
30
70
36
52
88
67
84
10
56
43
32
88
87
0
51
30
18
79
42
15
61
0
88
72
92
80
63
49
37
65
73
58
98
18
12
36
66
35
40
91
95
17
52
25
46
83
61
17
