56
59
257
49
98
57
73
148
16
10
56
59
257
49
98
57
73
148
16
10
56
59
257
49
98
57
73
148
16
10
56
59
257
49
98
57
73
148
16
10
56
59
257
49
98
57
73
148
16
10
56
59
257
49
98
57
73
148
16
10
56
59
257
49
98
57
73
148
16
10
56
59
257
49
98
57
73
148
16
10
56
59
257
49
98
57
73
148
16
10
56
59
257
49
98
57
73
148
16
10
56
59
257
49
98
57
73
148
16
10
56
59
257
49
98
57
73
148
16
10
56
59
257
49
98
57
73
148
16
10
56
59
257
49
98
57
73
148
16
10
56
59
257
49
98
57
73
148
16
10
56
59
257
49
98
57
73
148
16
10
56
59
257
49
98
57
73
148
16
10
56
59
257
49
98
57
73
148
16
10
56
59
257
49
98
57
73
148
16
10
56
59
257
49
98
57
73
148
16
10
56
59
257
49
98
57
73
148
16
10
56
59
257
49
98
57
73
148
16
10
56
59
257
49
98
57
73
148
16
10
56
59
257
49
98
57
73
148
16
10
56
59
257
49
98
57
73
148
16
10
56
59
257
49
98
57
73
148
16
10
56
59
257
49
98
57
73
148
16
10
56
59
257
49
98
57
73
148
16
10
56
59
257
49
98
57
73
148
16
10
56
59
257
49
98
57
73
148
16
10
56
59
257
49
98
57
73
148
16
10
56
59
257
49
98
57
73
148
16
10
56
59
257
49
98
57
73
148
16
10
56
59
257
49
98
57
73
148
16
10
56
59
257
49
98
57
73
148
16
10
56
59
257
49
98
57
73
148
16
10
56
59
257
49
98
57
73
148
16
10
56
59
257
49
98
57
73
148
16
10
56
59
257
49
98
57
73
148
16
10
56
59
257
49
98
57
73
148
16
10
56
59
257
49
98
57
73
148
16
10
56
59
257
49
98
57
73
148
16
10
56
59
257
49
98
57
73
148
16
10
56
59
257
49
98
57
73
148
16
10
56
59
257
49
98
57
73
148
16
10
56
59
257
49
98
57
73
148
16
10
56
59
257
49
98
57
73
148
16
10
56
59
257
49
98
57
73
148
16
10
56
59
257
49
98
57
73
148
16
10
56
59
257
49
98
57
73
148
16
10
