73
215
62
91
104
27
6
9
97
37
73
215
62
91
104
27
6
9
97
37
73
215
62
91
104
27
6
9
97
37
73
215
62
91
104
27
6
9
97
37
73
215
62
91
104
27
6
9
97
37
73
215
62
91
104
27
6
9
97
37
73
215
62
91
104
27
6
9
97
37
73
215
62
91
104
27
6
9
97
37
73
215
62
91
104
27
6
9
97
37
73
215
62
91
104
27
6
9
97
37
73
215
62
91
104
27
6
9
97
37
73
215
62
91
104
27
6
9
97
37
73
215
62
91
104
27
6
9
97
37
73
215
62
91
104
27
6
9
97
37
73
215
62
91
104
27
6
9
97
37
73
215
62
91
104
27
6
9
97
37
73
215
62
91
104
27
6
9
97
37
73
215
62
91
104
27
6
9
97
37
73
215
62
91
104
27
6
9
97
37
73
215
62
91
104
27
6
9
97
37
73
215
62
91
104
27
6
9
97
37
73
215
62
91
104
27
6
9
97
37
73
215
62
91
104
27
6
9
97
37
73
215
62
91
104
27
6
9
97
37
73
215
62
91
104
27
6
9
97
37
73
215
62
91
104
27
6
9
97
37
73
215
62
91
104
27
6
9
97
37
73
215
62
91
104
27
6
9
97
37
73
215
62
91
104
27
6
9
97
37
73
215
62
91
104
27
6
9
97
37
73
215
62
91
104
27
6
9
97
37
73
215
62
91
104
27
6
9
97
37
73
215
62
91
104
27
6
9
97
37
73
215
62
91
104
27
6
9
97
37
73
215
62
91
104
27
6
9
97
37
73
215
62
91
104
27
6
9
97
37
73
215
62
91
104
27
6
9
97
37
73
215
62
91
104
27
6
9
97
37
73
215
62
91
104
27
6
9
97
37
73
215
62
91
104
27
6
9
97
37
73
215
62
91
104
27
6
9
97
37
73
215
62
91
104
27
6
9
97
37
73
215
62
91
104
27
6
9
97
37
73
215
62
91
104
27
6
9
97
37
73
215
62
91
104
27
6
9
97
37
73
215
62
91
104
27
6
9
97
37
73
215
62
91
104
27
6
9
97
37
73
215
62
91
104
27
6
9
97
37
73
215
62
91
104
27
6
9
97
37
73
215
62
91
104
27
6
9
97
37
