8
9
130
3
15
6
52
165
22
176
8
9
130
3
15
6
52
165
22
176
8
9
130
3
15
6
52
165
22
176
8
9
130
3
15
6
52
165
22
176
8
9
130
3
15
6
52
165
22
176
8
9
130
3
15
6
52
165
22
176
8
9
130
3
15
6
52
165
22
176
8
9
130
3
15
6
52
165
22
176
8
9
130
3
15
6
52
165
22
176
8
9
130
3
15
6
52
165
22
176
8
9
130
3
15
6
52
165
22
176
8
9
130
3
15
6
52
165
22
176
8
9
130
3
15
6
52
165
22
176
8
9
130
3
15
6
52
165
22
176
8
9
130
3
15
6
52
165
22
176
8
9
130
3
15
6
52
165
22
176
8
9
130
3
15
6
52
165
22
176
8
9
130
3
15
6
52
165
22
176
8
9
130
3
15
6
52
165
22
176
8
9
130
3
15
6
52
165
22
176
8
9
130
3
15
6
52
165
22
176
8
9
130
3
15
6
52
165
22
176
8
9
130
3
15
6
52
165
22
176
8
9
130
3
15
6
52
165
22
176
8
9
130
3
15
6
52
165
22
176
8
9
130
3
15
6
52
165
22
176
8
9
130
3
15
6
52
165
22
176
8
9
130
3
15
6
52
165
22
176
8
9
130
3
15
6
52
165
22
176
8
9
130
3
15
6
52
165
22
176
8
9
130
3
15
6
52
165
22
176
8
9
130
3
15
6
52
165
22
176
8
9
130
3
15
6
52
165
22
176
8
9
130
3
15
6
52
165
22
176
8
9
130
3
15
6
52
165
22
176
8
9
130
3
15
6
52
165
22
176
8
9
130
3
15
6
52
165
22
176
8
9
130
3
15
6
52
165
22
176
8
9
130
3
15
6
52
165
22
176
8
9
130
3
15
6
52
165
22
176
8
9
130
3
15
6
52
165
22
176
8
9
130
3
15
6
52
165
22
176
8
9
130
3
15
6
52
165
22
176
8
9
130
3
15
6
52
165
22
176
8
9
130
3
15
6
52
165
22
176
8
9
130
3
15
6
52
165
22
176
8
9
130
3
15
6
52
165
22
176
8
9
130
3
15
6
52
165
22
176
8
9
130
3
15
6
52
165
22
176
8
9
130
3
15
6
52
165
22
176
