130
1
25
75
96
70
23
77
15
39
130
1
25
75
96
70
23
77
15
39
130
1
25
75
96
70
23
77
15
39
130
1
25
75
96
70
23
77
15
39
130
1
25
75
96
70
23
77
15
39
130
1
25
75
96
70
23
77
15
39
130
1
25
75
96
70
23
77
15
39
130
1
25
75
96
70
23
77
15
39
130
1
25
75
96
70
23
77
15
39
130
1
25
75
96
70
23
77
15
39
130
1
25
75
96
70
23
77
15
39
130
1
25
75
96
70
23
77
15
39
130
1
25
75
96
70
23
77
15
39
130
1
25
75
96
70
23
77
15
39
130
1
25
75
96
70
23
77
15
39
130
1
25
75
96
70
23
77
15
39
130
1
25
75
96
70
23
77
15
39
130
1
25
75
96
70
23
77
15
39
130
1
25
75
96
70
23
77
15
39
130
1
25
75
96
70
23
77
15
39
130
1
25
75
96
70
23
77
15
39
130
1
25
75
96
70
23
77
15
39
130
1
25
75
96
70
23
77
15
39
130
1
25
75
96
70
23
77
15
39
130
1
25
75
96
70
23
77
15
39
130
1
25
75
96
70
23
77
15
39
130
1
25
75
96
70
23
77
15
39
130
1
25
75
96
70
23
77
15
39
130
1
25
75
96
70
23
77
15
39
130
1
25
75
96
70
23
77
15
39
130
1
25
75
96
70
23
77
15
39
130
1
25
75
96
70
23
77
15
39
130
1
25
75
96
70
23
77
15
39
130
1
25
75
96
70
23
77
15
39
130
1
25
75
96
70
23
77
15
39
130
1
25
75
96
70
23
77
15
39
130
1
25
75
96
70
23
77
15
39
130
1
25
75
96
70
23
77
15
39
130
1
25
75
96
70
23
77
15
39
130
1
25
75
96
70
23
77
15
39
130
1
25
75
96
70
23
77
15
39
130
1
25
75
96
70
23
77
15
39
130
1
25
75
96
70
23
77
15
39
130
1
25
75
96
70
23
77
15
39
130
1
25
75
96
70
23
77
15
39
130
1
25
75
96
70
23
77
15
39
130
1
25
75
96
70
23
77
15
39
130
1
25
75
96
70
23
77
15
39
130
1
25
75
96
70
23
77
15
39
130
1
25
75
96
70
23
77
15
39
