8
6
201
2
215
1
159
59
230
11
8
6
201
2
215
1
159
59
230
11
8
6
201
2
215
1
159
59
230
11
8
6
201
2
215
1
159
59
230
11
8
6
201
2
215
1
159
59
230
11
8
6
201
2
215
1
159
59
230
11
8
6
201
2
215
1
159
59
230
11
8
6
201
2
215
1
159
59
230
11
8
6
201
2
215
1
159
59
230
11
8
6
201
2
215
1
159
59
230
11
8
6
201
2
215
1
159
59
230
11
8
6
201
2
215
1
159
59
230
11
8
6
201
2
215
1
159
59
230
11
8
6
201
2
215
1
159
59
230
11
8
6
201
2
215
1
159
59
230
11
8
6
201
2
215
1
159
59
230
11
8
6
201
2
215
1
159
59
230
11
8
6
201
2
215
1
159
59
230
11
8
6
201
2
215
1
159
59
230
11
8
6
201
2
215
1
159
59
230
11
8
6
201
2
215
1
159
59
230
11
8
6
201
2
215
1
159
59
230
11
8
6
201
2
215
1
159
59
230
11
8
6
201
2
215
1
159
59
230
11
8
6
201
2
215
1
159
59
230
11
8
6
201
2
215
1
159
59
230
11
8
6
201
2
215
1
159
59
230
11
8
6
201
2
215
1
159
59
230
11
8
6
201
2
215
1
159
59
230
11
8
6
201
2
215
1
159
59
230
11
8
6
201
2
215
1
159
59
230
11
8
6
201
2
215
1
159
59
230
11
8
6
201
2
215
1
159
59
230
11
8
6
201
2
215
1
159
59
230
11
8
6
201
2
215
1
159
59
230
11
8
6
201
2
215
1
159
59
230
11
8
6
201
2
215
1
159
59
230
11
8
6
201
2
215
1
159
59
230
11
8
6
201
2
215
1
159
59
230
11
8
6
201
2
215
1
159
59
230
11
8
6
201
2
215
1
159
59
230
11
8
6
201
2
215
1
159
59
230
11
8
6
201
2
215
1
159
59
230
11
8
6
201
2
215
1
159
59
230
11
8
6
201
2
215
1
159
59
230
11
8
6
201
2
215
1
159
59
230
11
8
6
201
2
215
1
159
59
230
11
8
6
201
2
215
1
159
59
230
11
8
6
201
2
215
1
159
59
230
11
8
6
201
2
215
1
159
59
230
11
