10
144
14
19
106
42
63
7
9
223
10
144
14
19
106
42
63
7
9
223
10
144
14
19
106
42
63
7
9
223
10
144
14
19
106
42
63
7
9
223
10
144
14
19
106
42
63
7
9
223
10
144
14
19
106
42
63
7
9
223
10
144
14
19
106
42
63
7
9
223
10
144
14
19
106
42
63
7
9
223
10
144
14
19
106
42
63
7
9
223
10
144
14
19
106
42
63
7
9
223
10
144
14
19
106
42
63
7
9
223
10
144
14
19
106
42
63
7
9
223
10
144
14
19
106
42
63
7
9
223
10
144
14
19
106
42
63
7
9
223
10
144
14
19
106
42
63
7
9
223
10
144
14
19
106
42
63
7
9
223
10
144
14
19
106
42
63
7
9
223
10
144
14
19
106
42
63
7
9
223
10
144
14
19
106
42
63
7
9
223
10
144
14
19
106
42
63
7
9
223
10
144
14
19
106
42
63
7
9
223
10
144
14
19
106
42
63
7
9
223
10
144
14
19
106
42
63
7
9
223
10
144
14
19
106
42
63
7
9
223
10
144
14
19
106
42
63
7
9
223
10
144
14
19
106
42
63
7
9
223
10
144
14
19
106
42
63
7
9
223
10
144
14
19
106
42
63
7
9
223
10
144
14
19
106
42
63
7
9
223
10
144
14
19
106
42
63
7
9
223
10
144
14
19
106
42
63
7
9
223
10
144
14
19
106
42
63
7
9
223
10
144
14
19
106
42
63
7
9
223
10
144
14
19
106
42
63
7
9
223
10
144
14
19
106
42
63
7
9
223
10
144
14
19
106
42
63
7
9
223
10
144
14
19
106
42
63
7
9
223
10
144
14
19
106
42
63
7
9
223
10
144
14
19
106
42
63
7
9
223
10
144
14
19
106
42
63
7
9
223
10
144
14
19
106
42
63
7
9
223
10
144
14
19
106
42
63
7
9
223
10
144
14
19
106
42
63
7
9
223
10
144
14
19
106
42
63
7
9
223
10
144
14
19
106
42
63
7
9
223
10
144
14
19
106
42
63
7
9
223
10
144
14
19
106
42
63
7
9
223
10
144
14
19
106
42
63
7
9
223
10
144
14
19
106
42
63
7
9
223
10
144
14
19
106
42
63
7
9
223
