139
148
60
23
80
55
24
163
103
22
139
148
60
23
80
55
24
163
103
22
139
148
60
23
80
55
24
163
103
22
139
148
60
23
80
55
24
163
103
22
139
148
60
23
80
55
24
163
103
22
139
148
60
23
80
55
24
163
103
22
139
148
60
23
80
55
24
163
103
22
139
148
60
23
80
55
24
163
103
22
139
148
60
23
80
55
24
163
103
22
139
148
60
23
80
55
24
163
103
22
139
148
60
23
80
55
24
163
103
22
139
148
60
23
80
55
24
163
103
22
139
148
60
23
80
55
24
163
103
22
139
148
60
23
80
55
24
163
103
22
139
148
60
23
80
55
24
163
103
22
139
148
60
23
80
55
24
163
103
22
139
148
60
23
80
55
24
163
103
22
139
148
60
23
80
55
24
163
103
22
139
148
60
23
80
55
24
163
103
22
139
148
60
23
80
55
24
163
103
22
139
148
60
23
80
55
24
163
103
22
139
148
60
23
80
55
24
163
103
22
139
148
60
23
80
55
24
163
103
22
139
148
60
23
80
55
24
163
103
22
139
148
60
23
80
55
24
163
103
22
139
148
60
23
80
55
24
163
103
22
139
148
60
23
80
55
24
163
103
22
139
148
60
23
80
55
24
163
103
22
139
148
60
23
80
55
24
163
103
22
139
148
60
23
80
55
24
163
103
22
139
148
60
23
80
55
24
163
103
22
139
148
60
23
80
55
24
163
103
22
139
148
60
23
80
55
24
163
103
22
139
148
60
23
80
55
24
163
103
22
139
148
60
23
80
55
24
163
103
22
139
148
60
23
80
55
24
163
103
22
139
148
60
23
80
55
24
163
103
22
139
148
60
23
80
55
24
163
103
22
139
148
60
23
80
55
24
163
103
22
139
148
60
23
80
55
24
163
103
22
139
148
60
23
80
55
24
163
103
22
139
148
60
23
80
55
24
163
103
22
139
148
60
23
80
55
24
163
103
22
139
148
60
23
80
55
24
163
103
22
139
148
60
23
80
55
24
163
103
22
139
148
60
23
80
55
24
163
103
22
139
148
60
23
80
55
24
163
103
22
139
148
60
23
80
55
24
163
103
22
139
148
60
23
80
55
24
163
103
22
139
148
60
23
80
55
24
163
103
22
