53
11
18
108
56
75
182
2
52
17
53
11
18
108
56
75
182
2
52
17
53
11
18
108
56
75
182
2
52
17
53
11
18
108
56
75
182
2
52
17
53
11
18
108
56
75
182
2
52
17
53
11
18
108
56
75
182
2
52
17
53
11
18
108
56
75
182
2
52
17
53
11
18
108
56
75
182
2
52
17
53
11
18
108
56
75
182
2
52
17
53
11
18
108
56
75
182
2
52
17
53
11
18
108
56
75
182
2
52
17
53
11
18
108
56
75
182
2
52
17
53
11
18
108
56
75
182
2
52
17
53
11
18
108
56
75
182
2
52
17
53
11
18
108
56
75
182
2
52
17
53
11
18
108
56
75
182
2
52
17
53
11
18
108
56
75
182
2
52
17
53
11
18
108
56
75
182
2
52
17
53
11
18
108
56
75
182
2
52
17
53
11
18
108
56
75
182
2
52
17
53
11
18
108
56
75
182
2
52
17
53
11
18
108
56
75
182
2
52
17
53
11
18
108
56
75
182
2
52
17
53
11
18
108
56
75
182
2
52
17
53
11
18
108
56
75
182
2
52
17
53
11
18
108
56
75
182
2
52
17
53
11
18
108
56
75
182
2
52
17
53
11
18
108
56
75
182
2
52
17
53
11
18
108
56
75
182
2
52
17
53
11
18
108
56
75
182
2
52
17
53
11
18
108
56
75
182
2
52
17
53
11
18
108
56
75
182
2
52
17
53
11
18
108
56
75
182
2
52
17
53
11
18
108
56
75
182
2
52
17
53
11
18
108
56
75
182
2
52
17
53
11
18
108
56
75
182
2
52
17
53
11
18
108
56
75
182
2
52
17
53
11
18
108
56
75
182
2
52
17
53
11
18
108
56
75
182
2
52
17
53
11
18
108
56
75
182
2
52
17
53
11
18
108
56
75
182
2
52
17
53
11
18
108
56
75
182
2
52
17
53
11
18
108
56
75
182
2
52
17
53
11
18
108
56
75
182
2
52
17
53
11
18
108
56
75
182
2
52
17
53
11
18
108
56
75
182
2
52
17
53
11
18
108
56
75
182
2
52
17
53
11
18
108
56
75
182
2
52
17
53
11
18
108
56
75
182
2
52
17
53
11
18
108
56
75
182
2
52
17
