82
106
9
7
92
122
65
60
27
18
82
106
9
7
92
122
65
60
27
18
82
106
9
7
92
122
65
60
27
18
82
106
9
7
92
122
65
60
27
18
82
106
9
7
92
122
65
60
27
18
82
106
9
7
92
122
65
60
27
18
82
106
9
7
92
122
65
60
27
18
82
106
9
7
92
122
65
60
27
18
82
106
9
7
92
122
65
60
27
18
82
106
9
7
92
122
65
60
27
18
82
106
9
7
92
122
65
60
27
18
82
106
9
7
92
122
65
60
27
18
82
106
9
7
92
122
65
60
27
18
82
106
9
7
92
122
65
60
27
18
82
106
9
7
92
122
65
60
27
18
82
106
9
7
92
122
65
60
27
18
82
106
9
7
92
122
65
60
27
18
82
106
9
7
92
122
65
60
27
18
82
106
9
7
92
122
65
60
27
18
82
106
9
7
92
122
65
60
27
18
82
106
9
7
92
122
65
60
27
18
82
106
9
7
92
122
65
60
27
18
82
106
9
7
92
122
65
60
27
18
82
106
9
7
92
122
65
60
27
18
82
106
9
7
92
122
65
60
27
18
82
106
9
7
92
122
65
60
27
18
82
106
9
7
92
122
65
60
27
18
82
106
9
7
92
122
65
60
27
18
82
106
9
7
92
122
65
60
27
18
82
106
9
7
92
122
65
60
27
18
82
106
9
7
92
122
65
60
27
18
82
106
9
7
92
122
65
60
27
18
82
106
9
7
92
122
65
60
27
18
82
106
9
7
92
122
65
60
27
18
82
106
9
7
92
122
65
60
27
18
82
106
9
7
92
122
65
60
27
18
82
106
9
7
92
122
65
60
27
18
82
106
9
7
92
122
65
60
27
18
82
106
9
7
92
122
65
60
27
18
82
106
9
7
92
122
65
60
27
18
82
106
9
7
92
122
65
60
27
18
82
106
9
7
92
122
65
60
27
18
82
106
9
7
92
122
65
60
27
18
82
106
9
7
92
122
65
60
27
18
82
106
9
7
92
122
65
60
27
18
82
106
9
7
92
122
65
60
27
18
82
106
9
7
92
122
65
60
27
18
82
106
9
7
92
122
65
60
27
18
82
106
9
7
92
122
65
60
27
18
82
106
9
7
92
122
65
60
27
18
