9
15
41
35
3
9
15
41
35
3
9
15
41
35
3
9
15
41
35
3
9
15
41
35
3
9
15
41
35
3
9
15
41
35
3
9
15
41
35
3
9
15
41
35
3
9
15
41
35
3
9
15
41
35
3
9
15
41
35
3
9
15
41
35
3
9
15
41
35
3
9
15
41
35
3
9
15
41
35
3
9
15
41
35
3
9
15
41
35
3
9
15
41
35
3
9
15
41
35
3
9
15
41
35
3
9
15
41
35
3
9
15
41
35
3
9
15
41
35
3
9
15
41
35
3
9
15
41
35
3
9
15
41
35
3
9
15
41
35
3
9
15
41
35
3
9
15
41
35
3
9
15
41
35
3
9
15
41
35
3
9
15
41
35
3
9
15
41
35
3
9
15
41
35
3
9
15
41
35
3
9
15
41
35
3
9
15
41
35
3
9
15
41
35
3
9
15
41
35
3
9
15
41
35
3
9
15
41
35
3
9
15
41
35
3
9
15
41
35
3
9
15
41
35
3
9
15
41
35
3
9
15
41
35
3
9
15
41
35
3
9
15
41
35
3
9
15
41
35
3
