85
79
48
46
83
82
148
16
90
111
85
79
48
46
83
82
148
16
90
111
85
79
48
46
83
82
148
16
90
111
85
79
48
46
83
82
148
16
90
111
85
79
48
46
83
82
148
16
90
111
85
79
48
46
83
82
148
16
90
111
85
79
48
46
83
82
148
16
90
111
85
79
48
46
83
82
148
16
90
111
85
79
48
46
83
82
148
16
90
111
85
79
48
46
83
82
148
16
90
111
85
79
48
46
83
82
148
16
90
111
85
79
48
46
83
82
148
16
90
111
85
79
48
46
83
82
148
16
90
111
85
79
48
46
83
82
148
16
90
111
85
79
48
46
83
82
148
16
90
111
85
79
48
46
83
82
148
16
90
111
85
79
48
46
83
82
148
16
90
111
85
79
48
46
83
82
148
16
90
111
85
79
48
46
83
82
148
16
90
111
85
79
48
46
83
82
148
16
90
111
85
79
48
46
83
82
148
16
90
111
85
79
48
46
83
82
148
16
90
111
85
79
48
46
83
82
148
16
90
111
85
79
48
46
83
82
148
16
90
111
85
79
48
46
83
82
148
16
90
111
85
79
48
46
83
82
148
16
90
111
85
79
48
46
83
82
148
16
90
111
85
79
48
46
83
82
148
16
90
111
85
79
48
46
83
82
148
16
90
111
85
79
48
46
83
82
148
16
90
111
85
79
48
46
83
82
148
16
90
111
85
79
48
46
83
82
148
16
90
111
85
79
48
46
83
82
148
16
90
111
85
79
48
46
83
82
148
16
90
111
85
79
48
46
83
82
148
16
90
111
85
79
48
46
83
82
148
16
90
111
85
79
48
46
83
82
148
16
90
111
85
79
48
46
83
82
148
16
90
111
85
79
48
46
83
82
148
16
90
111
85
79
48
46
83
82
148
16
90
111
85
79
48
46
83
82
148
16
90
111
85
79
48
46
83
82
148
16
90
111
85
79
48
46
83
82
148
16
90
111
85
79
48
46
83
82
148
16
90
111
85
79
48
46
83
82
148
16
90
111
85
79
48
46
83
82
148
16
90
111
85
79
48
46
83
82
148
16
90
111
85
79
48
46
83
82
148
16
90
111
85
79
48
46
83
82
148
16
90
111
85
79
48
46
83
82
148
16
90
111
