1
33
86
21
107
1
33
86
21
107
1
33
86
21
107
1
33
86
21
107
1
33
86
21
107
1
33
86
21
107
1
33
86
21
107
1
33
86
21
107
1
33
86
21
107
1
33
86
21
107
1
33
86
21
107
1
33
86
21
107
1
33
86
21
107
1
33
86
21
107
1
33
86
21
107
1
33
86
21
107
1
33
86
21
107
1
33
86
21
107
1
33
86
21
107
1
33
86
21
107
1
33
86
21
107
1
33
86
21
107
1
33
86
21
107
1
33
86
21
107
1
33
86
21
107
1
33
86
21
107
1
33
86
21
107
1
33
86
21
107
1
33
86
21
107
1
33
86
21
107
1
33
86
21
107
1
33
86
21
107
1
33
86
21
107
1
33
86
21
107
1
33
86
21
107
1
33
86
21
107
1
33
86
21
107
1
33
86
21
107
1
33
86
21
107
1
33
86
21
107
1
33
86
21
107
1
33
86
21
107
1
33
86
21
107
1
33
86
21
107
1
33
86
21
107
1
33
86
21
107
1
33
86
21
107
1
33
86
21
107
1
33
86
21
107
1
33
86
21
107
