271
37
117
39
38
142
42
192
244
67
271
37
117
39
38
142
42
192
244
67
271
37
117
39
38
142
42
192
244
67
271
37
117
39
38
142
42
192
244
67
271
37
117
39
38
142
42
192
244
67
271
37
117
39
38
142
42
192
244
67
271
37
117
39
38
142
42
192
244
67
271
37
117
39
38
142
42
192
244
67
271
37
117
39
38
142
42
192
244
67
271
37
117
39
38
142
42
192
244
67
271
37
117
39
38
142
42
192
244
67
271
37
117
39
38
142
42
192
244
67
271
37
117
39
38
142
42
192
244
67
271
37
117
39
38
142
42
192
244
67
271
37
117
39
38
142
42
192
244
67
271
37
117
39
38
142
42
192
244
67
271
37
117
39
38
142
42
192
244
67
271
37
117
39
38
142
42
192
244
67
271
37
117
39
38
142
42
192
244
67
271
37
117
39
38
142
42
192
244
67
271
37
117
39
38
142
42
192
244
67
271
37
117
39
38
142
42
192
244
67
271
37
117
39
38
142
42
192
244
67
271
37
117
39
38
142
42
192
244
67
271
37
117
39
38
142
42
192
244
67
271
37
117
39
38
142
42
192
244
67
271
37
117
39
38
142
42
192
244
67
271
37
117
39
38
142
42
192
244
67
271
37
117
39
38
142
42
192
244
67
271
37
117
39
38
142
42
192
244
67
271
37
117
39
38
142
42
192
244
67
271
37
117
39
38
142
42
192
244
67
271
37
117
39
38
142
42
192
244
67
271
37
117
39
38
142
42
192
244
67
271
37
117
39
38
142
42
192
244
67
271
37
117
39
38
142
42
192
244
67
271
37
117
39
38
142
42
192
244
67
271
37
117
39
38
142
42
192
244
67
271
37
117
39
38
142
42
192
244
67
271
37
117
39
38
142
42
192
244
67
271
37
117
39
38
142
42
192
244
67
271
37
117
39
38
142
42
192
244
67
271
37
117
39
38
142
42
192
244
67
271
37
117
39
38
142
42
192
244
67
271
37
117
39
38
142
42
192
244
67
271
37
117
39
38
142
42
192
244
67
271
37
117
39
38
142
42
192
244
67
271
37
117
39
38
142
42
192
244
67
271
37
117
39
38
142
42
192
244
67
271
37
117
39
38
142
42
192
244
67
