59
478
463
54
129
20
24
9
537
33
37
295
233
19
174
538
25
223
11
39
59
478
463
54
129
20
24
9
537
33
37
295
233
19
174
538
25
223
11
39
59
478
463
54
129
20
24
9
537
33
37
295
233
19
174
538
25
223
11
39
59
478
463
54
129
20
24
9
537
33
37
295
233
19
174
538
25
223
11
39
59
478
463
54
129
20
24
9
537
33
37
295
233
19
174
538
25
223
11
39
59
478
463
54
129
20
24
9
537
33
37
295
233
19
174
538
25
223
11
39
59
478
463
54
129
20
24
9
537
33
37
295
233
19
174
538
25
223
11
39
59
478
463
54
129
20
24
9
537
33
37
295
233
19
174
538
25
223
11
39
59
478
463
54
129
20
24
9
537
33
37
295
233
19
174
538
25
223
11
39
59
478
463
54
129
20
24
9
537
33
37
295
233
19
174
538
25
223
11
39
59
478
463
54
129
20
24
9
537
33
37
295
233
19
174
538
25
223
11
39
59
478
463
54
129
20
24
9
537
33
37
295
233
19
174
538
25
223
11
39
59
478
463
54
129
20
24
9
537
33
37
295
233
19
174
538
25
223
11
39
59
478
463
54
129
20
24
9
537
33
37
295
233
19
174
538
25
223
11
39
59
478
463
54
129
20
24
9
537
33
37
295
233
19
174
538
25
223
11
39
59
478
463
54
129
20
24
9
537
33
37
295
233
19
174
538
25
223
11
39
59
478
463
54
129
20
24
9
537
33
37
295
233
19
174
538
25
223
11
39
59
478
463
54
129
20
24
9
537
33
37
295
233
19
174
538
25
223
11
39
59
478
463
54
129
20
24
9
537
33
37
295
233
19
174
538
25
223
11
39
59
478
463
54
129
20
24
9
537
33
37
295
233
19
174
538
25
223
11
39
59
478
463
54
129
20
24
9
537
33
37
295
233
19
174
538
25
223
11
39
59
478
463
54
129
20
24
9
537
33
37
295
233
19
174
538
25
223
11
39
59
478
463
54
129
20
24
9
537
33
37
295
233
19
174
538
25
223
11
39
59
478
463
54
129
20
24
9
537
33
37
295
233
19
174
538
25
223
11
39
59
478
463
54
129
20
24
9
537
33
37
295
233
19
174
538
25
223
11
39
59
478
463
54
129
20
24
9
537
33
37
295
233
19
174
538
25
223
11
39
59
478
463
54
129
20
24
9
537
33
37
295
233
19
174
538
25
223
11
39
59
478
463
54
129
20
24
9
537
33
37
295
233
19
174
538
25
223
11
39
59
478
463
54
129
20
24
9
537
33
37
295
233
19
174
538
25
223
11
39
59
478
463
54
129
20
24
9
537
33
37
295
233
19
174
538
25
223
11
39
59
478
463
54
129
20
24
9
537
33
37
295
233
19
174
538
25
223
11
39
59
478
463
54
129
20
24
9
537
33
37
295
233
19
174
538
25
223
11
39
59
478
463
54
129
20
24
9
537
33
37
295
233
19
174
538
25
223
11
39
59
478
463
54
129
20
24
9
537
33
37
295
233
19
174
538
25
223
11
39
59
478
463
54
129
20
24
9
537
33
37
295
233
19
174
538
25
223
11
39
59
478
463
54
129
20
24
9
537
33
37
295
233
19
174
538
25
223
11
39
59
478
463
54
129
20
24
9
537
33
37
295
233
19
174
538
25
223
11
39
59
478
463
54
129
20
24
9
537
33
37
295
233
19
174
538
25
223
11
39
59
478
463
54
129
20
24
9
537
33
37
295
233
19
174
538
25
223
11
39
59
478
463
54
129
20
24
9
537
33
37
295
233
19
174
538
25
223
11
39
59
478
463
54
129
20
24
9
537
33
37
295
233
19
174
538
25
223
11
39
59
478
463
54
129
20
24
9
537
33
37
295
233
19
174
538
25
223
11
39
59
478
463
54
129
20
24
9
537
33
37
295
233
19
174
538
25
223
11
39
59
478
463
54
129
20
24
9
537
33
37
295
233
19
174
538
25
223
11
39
59
478
463
54
129
20
24
9
537
33
37
295
233
19
174
538
25
223
11
39
59
478
463
54
129
20
24
9
537
33
37
295
233
19
174
538
25
223
11
39
59
478
463
54
129
20
24
9
537
33
37
295
233
19
174
538
25
223
11
39
59
478
463
54
129
20
24
9
537
33
37
295
233
19
174
538
25
223
11
39
59
478
463
54
129
20
24
9
537
33
37
295
233
19
174
538
25
223
11
39
59
478
463
54
129
20
24
9
537
33
37
295
233
19
174
538
25
223
11
39
