331
6
335
7
345
2
346
5
451
4
198
3
99
158
8
19
96
321
356
621
742
1
343
329
438
104
68
430
839
437
331
6
335
7
345
2
346
5
451
4
198
3
99
158
8
19
96
321
356
621
742
1
343
329
438
104
68
430
839
437
331
6
335
7
345
2
346
5
451
4
198
3
99
158
8
19
96
321
356
621
742
1
343
329
438
104
68
430
839
437
331
6
335
7
345
2
346
5
451
4
198
3
99
158
8
19
96
321
356
621
742
1
343
329
438
104
68
430
839
437
331
6
335
7
345
2
346
5
451
4
198
3
99
158
8
19
96
321
356
621
742
1
343
329
438
104
68
430
839
437
331
6
335
7
345
2
346
5
451
4
198
3
99
158
8
19
96
321
356
621
742
1
343
329
438
104
68
430
839
437
331
6
335
7
345
2
346
5
451
4
198
3
99
158
8
19
96
321
356
621
742
1
343
329
438
104
68
430
839
437
331
6
335
7
345
2
346
5
451
4
198
3
99
158
8
19
96
321
356
621
742
1
343
329
438
104
68
430
839
437
331
6
335
7
345
2
346
5
451
4
198
3
99
158
8
19
96
321
356
621
742
1
343
329
438
104
68
430
839
437
331
6
335
7
345
2
346
5
451
4
198
3
99
158
8
19
96
321
356
621
742
1
343
329
438
104
68
430
839
437
331
6
335
7
345
2
346
5
451
4
198
3
99
158
8
19
96
321
356
621
742
1
343
329
438
104
68
430
839
437
331
6
335
7
345
2
346
5
451
4
198
3
99
158
8
19
96
321
356
621
742
1
343
329
438
104
68
430
839
437
331
6
335
7
345
2
346
5
451
4
198
3
99
158
8
19
96
321
356
621
742
1
343
329
438
104
68
430
839
437
331
6
335
7
345
2
346
5
451
4
198
3
99
158
8
19
96
321
356
621
742
1
343
329
438
104
68
430
839
437
331
6
335
7
345
2
346
5
451
4
198
3
99
158
8
19
96
321
356
621
742
1
343
329
438
104
68
430
839
437
331
6
335
7
345
2
346
5
451
4
198
3
99
158
8
19
96
321
356
621
742
1
343
329
438
104
68
430
839
437
331
6
335
7
345
2
346
5
451
4
198
3
99
158
8
19
96
321
356
621
742
1
343
329
438
104
68
430
839
437
331
6
335
7
345
2
346
5
451
4
198
3
99
158
8
19
96
321
356
621
742
1
343
329
438
104
68
430
839
437
331
6
335
7
345
2
346
5
451
4
198
3
99
158
8
19
96
321
356
621
742
1
343
329
438
104
68
430
839
437
331
6
335
7
345
2
346
5
451
4
198
3
99
158
8
19
96
321
356
621
742
1
343
329
438
104
68
430
839
437
331
6
335
7
345
2
346
5
451
4
198
3
99
158
8
19
96
321
356
621
742
1
343
329
438
104
68
430
839
437
331
6
335
7
345
2
346
5
451
4
198
3
99
158
8
19
96
321
356
621
742
1
343
329
438
104
68
430
839
437
331
6
335
7
345
2
346
5
451
4
198
3
99
158
8
19
96
321
356
621
742
1
343
329
438
104
68
430
839
437
331
6
335
7
345
2
346
5
451
4
198
3
99
158
8
19
96
321
356
621
742
1
343
329
438
104
68
430
839
437
331
6
335
7
345
2
346
5
451
4
198
3
99
158
8
19
96
321
356
621
742
1
343
329
438
104
68
430
839
437
331
6
335
7
345
2
346
5
451
4
198
3
99
158
8
19
96
321
356
621
742
1
343
329
438
104
68
430
839
437
331
6
335
7
345
2
346
5
451
4
198
3
99
158
8
19
96
321
356
621
742
1
343
329
438
104
68
430
839
437
331
6
335
7
345
2
346
5
451
4
198
3
99
158
8
19
96
321
356
621
742
1
343
329
438
104
68
430
839
437
331
6
335
7
345
2
346
5
451
4
198
3
99
158
8
19
96
321
356
621
742
1
343
329
438
104
68
430
839
437
331
6
335
7
345
2
346
5
451
4
198
3
99
158
8
19
96
321
356
621
742
1
343
329
438
104
68
430
839
437
331
6
335
7
345
2
346
5
451
4
198
3
99
158
8
19
96
321
356
621
742
1
343
329
438
104
68
430
839
437
331
6
335
7
345
2
346
5
451
4
198
3
99
158
8
19
96
321
356
621
742
1
343
329
438
104
68
430
839
437
331
6
335
7
345
2
346
5
451
4
198
3
99
158
8
19
96
321
356
621
742
1
343
329
438
104
68
430
839
437
331
6
335
7
345
2
346
5
451
4
198
3
99
158
8
19
96
321
356
621
742
1
343
329
438
104
68
430
839
437
331
6
335
7
345
2
346
5
451
4
198
3
99
158
8
19
96
321
356
621
742
1
343
329
438
104
68
430
839
437
331
6
335
7
345
2
346
5
451
4
198
3
99
158
8
19
96
321
356
621
742
1
343
329
438
104
68
430
839
437
331
6
335
7
345
2
346
5
451
4
198
3
99
158
8
19
96
321
356
621
742
1
343
329
438
104
68
430
839
437
331
6
335
7
345
2
346
5
451
4
198
3
99
158
8
19
96
321
356
621
742
1
343
329
438
104
68
430
839
437
331
6
335
7
345
2
346
5
451
4
198
3
99
158
8
19
96
321
356
621
742
1
343
329
438
104
68
430
839
437
331
6
335
7
345
2
346
5
451
4
198
3
99
158
8
19
96
321
356
621
742
1
343
329
438
104
68
430
839
437
331
6
335
7
345
2
346
5
451
4
198
3
99
158
8
19
96
321
356
621
742
1
343
329
438
104
68
430
839
437
331
6
335
7
345
2
346
5
451
4
198
3
99
158
8
19
96
321
356
621
742
1
343
329
438
104
68
430
839
437
331
6
335
7
345
2
346
5
451
4
198
3
99
158
8
19
96
321
356
621
742
1
343
329
438
104
68
430
839
437
331
6
335
7
345
2
346
5
451
4
198
3
99
158
8
19
96
321
356
621
742
1
343
329
438
104
68
430
839
437
331
6
335
7
345
2
346
5
451
4
198
3
99
158
8
19
96
321
356
621
742
1
343
329
438
104
68
430
839
437
331
6
335
7
345
2
346
5
451
4
198
3
99
158
8
19
96
321
356
621
742
1
343
329
438
104
68
430
839
437
331
6
335
7
345
2
346
5
451
4
198
3
99
158
8
19
96
321
356
621
742
1
343
329
438
104
68
430
839
437
331
6
335
7
345
2
346
5
451
4
198
3
99
158
8
19
96
321
356
621
742
1
343
329
438
104
68
430
839
437
331
6
335
7
345
2
346
5
451
4
198
3
99
158
8
19
96
321
356
621
742
1
343
329
438
104
68
430
839
437
331
6
335
7
345
2
346
5
451
4
198
3
99
158
8
19
96
321
356
621
742
1
343
329
438
104
68
430
839
437
