2064
715
691
576
937
688
28
220
1710
184
83
2046
1641
1869
386
1515
813
81
1120
809
855
1310
2078
608
713
1254
690
605
645
1889
170
319
227
679
599
1319
2085
577
89
399
2064
715
691
576
937
688
28
220
1710
184
83
2046
1641
1869
386
1515
813
81
1120
809
855
1310
2078
608
713
1254
690
605
645
1889
170
319
227
679
599
1319
2085
577
89
399
2064
715
691
576
937
688
28
220
1710
184
83
2046
1641
1869
386
1515
813
81
1120
809
855
1310
2078
608
713
1254
690
605
645
1889
170
319
227
679
599
1319
2085
577
89
399
2064
715
691
576
937
688
28
220
1710
184
83
2046
1641
1869
386
1515
813
81
1120
809
855
1310
2078
608
713
1254
690
605
645
1889
170
319
227
679
599
1319
2085
577
89
399
2064
715
691
576
937
688
28
220
1710
184
83
2046
1641
1869
386
1515
813
81
1120
809
855
1310
2078
608
713
1254
690
605
645
1889
170
319
227
679
599
1319
2085
577
89
399
2064
715
691
576
937
688
28
220
1710
184
83
2046
1641
1869
386
1515
813
81
1120
809
855
1310
2078
608
713
1254
690
605
645
1889
170
319
227
679
599
1319
2085
577
89
399
2064
715
691
576
937
688
28
220
1710
184
83
2046
1641
1869
386
1515
813
81
1120
809
855
1310
2078
608
713
1254
690
605
645
1889
170
319
227
679
599
1319
2085
577
89
399
2064
715
691
576
937
688
28
220
1710
184
83
2046
1641
1869
386
1515
813
81
1120
809
855
1310
2078
608
713
1254
690
605
645
1889
170
319
227
679
599
1319
2085
577
89
399
2064
715
691
576
937
688
28
220
1710
184
83
2046
1641
1869
386
1515
813
81
1120
809
855
1310
2078
608
713
1254
690
605
645
1889
170
319
227
679
599
1319
2085
577
89
399
2064
715
691
576
937
688
28
220
1710
184
83
2046
1641
1869
386
1515
813
81
1120
809
855
1310
2078
608
713
1254
690
605
645
1889
170
319
227
679
599
1319
2085
577
89
399
2064
715
691
576
937
688
28
220
1710
184
83
2046
1641
1869
386
1515
813
81
1120
809
855
1310
2078
608
713
1254
690
605
645
1889
170
319
227
679
599
1319
2085
577
89
399
2064
715
691
576
937
688
28
220
1710
184
83
2046
1641
1869
386
1515
813
81
1120
809
855
1310
2078
608
713
1254
690
605
645
1889
170
319
227
679
599
1319
2085
577
89
399
2064
715
691
576
937
688
28
220
1710
184
83
2046
1641
1869
386
1515
813
81
1120
809
855
1310
2078
608
713
1254
690
605
645
1889
170
319
227
679
599
1319
2085
577
89
399
2064
715
691
576
937
688
28
220
1710
184
83
2046
1641
1869
386
1515
813
81
1120
809
855
1310
2078
608
713
1254
690
605
645
1889
170
319
227
679
599
1319
2085
577
89
399
2064
715
691
576
937
688
28
220
1710
184
83
2046
1641
1869
386
1515
813
81
1120
809
855
1310
2078
608
713
1254
690
605
645
1889
170
319
227
679
599
1319
2085
577
89
399
2064
715
691
576
937
688
28
220
1710
184
83
2046
1641
1869
386
1515
813
81
1120
809
855
1310
2078
608
713
1254
690
605
645
1889
170
319
227
679
599
1319
2085
577
89
399
2064
715
691
576
937
688
28
220
1710
184
83
2046
1641
1869
386
1515
813
81
1120
809
855
1310
2078
608
713
1254
690
605
645
1889
170
319
227
679
599
1319
2085
577
89
399
2064
715
691
576
937
688
28
220
1710
184
83
2046
1641
1869
386
1515
813
81
1120
809
855
1310
2078
608
713
1254
690
605
645
1889
170
319
227
679
599
1319
2085
577
89
399
2064
715
691
576
937
688
28
220
1710
184
83
2046
1641
1869
386
1515
813
81
1120
809
855
1310
2078
608
713
1254
690
605
645
1889
170
319
227
679
599
1319
2085
577
89
399
2064
715
691
576
937
688
28
220
1710
184
83
2046
1641
1869
386
1515
813
81
1120
809
855
1310
2078
608
713
1254
690
605
645
1889
170
319
227
679
599
1319
2085
577
89
399
2064
715
691
576
937
688
28
220
1710
184
83
2046
1641
1869
386
1515
813
81
1120
809
855
1310
2078
608
713
1254
690
605
645
1889
170
319
227
679
599
1319
2085
577
89
399
2064
715
691
576
937
688
28
220
1710
184
83
2046
1641
1869
386
1515
813
81
1120
809
855
1310
2078
608
713
1254
690
605
645
1889
170
319
227
679
599
1319
2085
577
89
399
2064
715
691
576
937
688
28
220
1710
184
83
2046
1641
1869
386
1515
813
81
1120
809
855
1310
2078
608
713
1254
690
605
645
1889
170
319
227
679
599
1319
2085
577
89
399
2064
715
691
576
937
688
28
220
1710
184
83
2046
1641
1869
386
1515
813
81
1120
809
855
1310
2078
608
713
1254
690
605
645
1889
170
319
227
679
599
1319
2085
577
89
399
2064
715
691
576
937
688
28
220
1710
184
83
2046
1641
1869
386
1515
813
81
1120
809
855
1310
2078
608
713
1254
690
605
645
1889
170
319
227
679
599
1319
2085
577
89
399
2064
715
691
576
937
688
28
220
1710
184
83
2046
1641
1869
386
1515
813
81
1120
809
855
1310
2078
608
713
1254
690
605
645
1889
170
319
227
679
599
1319
2085
577
89
399
2064
715
691
576
937
688
28
220
1710
184
83
2046
1641
1869
386
1515
813
81
1120
809
855
1310
2078
608
713
1254
690
605
645
1889
170
319
227
679
599
1319
2085
577
89
399
2064
715
691
576
937
688
28
220
1710
184
83
2046
1641
1869
386
1515
813
81
1120
809
855
1310
2078
608
713
1254
690
605
645
1889
170
319
227
679
599
1319
2085
577
89
399
2064
715
691
576
937
688
28
220
1710
184
83
2046
1641
1869
386
1515
813
81
1120
809
855
1310
2078
608
713
1254
690
605
645
1889
170
319
227
679
599
1319
2085
577
89
399
2064
715
691
576
937
688
28
220
1710
184
83
2046
1641
1869
386
1515
813
81
1120
809
855
1310
2078
608
713
1254
690
605
645
1889
170
319
227
679
599
1319
2085
577
89
399
2064
715
691
576
937
688
28
220
1710
184
83
2046
1641
1869
386
1515
813
81
1120
809
855
1310
2078
608
713
1254
690
605
645
1889
170
319
227
679
599
1319
2085
577
89
399
2064
715
691
576
937
688
28
220
1710
184
83
2046
1641
1869
386
1515
813
81
1120
809
855
1310
2078
608
713
1254
690
605
645
1889
170
319
227
679
599
1319
2085
577
89
399
2064
715
691
576
937
688
28
220
1710
184
83
2046
1641
1869
386
1515
813
81
1120
809
855
1310
2078
608
713
1254
690
605
645
1889
170
319
227
679
599
1319
2085
577
89
399
2064
715
691
576
937
688
28
220
1710
184
83
2046
1641
1869
386
1515
813
81
1120
809
855
1310
2078
608
713
1254
690
605
645
1889
170
319
227
679
599
1319
2085
577
89
399
2064
715
691
576
937
688
28
220
1710
184
83
2046
1641
1869
386
1515
813
81
1120
809
855
1310
2078
608
713
1254
690
605
645
1889
170
319
227
679
599
1319
2085
577
89
399
2064
715
691
576
937
688
28
220
1710
184
83
2046
1641
1869
386
1515
813
81
1120
809
855
1310
2078
608
713
1254
690
605
645
1889
170
319
227
679
599
1319
2085
577
89
399
2064
715
691
576
937
688
28
220
1710
184
83
2046
1641
1869
386
1515
813
81
1120
809
855
1310
2078
608
713
1254
690
605
645
1889
170
319
227
679
599
1319
2085
577
89
399
2064
715
691
576
937
688
28
220
1710
184
83
2046
1641
1869
386
1515
813
81
1120
809
855
1310
2078
608
713
1254
690
605
645
1889
170
319
227
679
599
1319
2085
577
89
399
2064
715
691
576
937
688
28
220
1710
184
83
2046
1641
1869
386
1515
813
81
1120
809
855
1310
2078
608
713
1254
690
605
645
1889
170
319
227
679
599
1319
2085
577
89
399
2064
715
691
576
937
688
28
220
1710
184
83
2046
1641
1869
386
1515
813
81
1120
809
855
1310
2078
608
713
1254
690
605
645
1889
170
319
227
679
599
1319
2085
577
89
399
2064
715
691
576
937
688
28
220
1710
184
83
2046
1641
1869
386
1515
813
81
1120
809
855
1310
2078
608
713
1254
690
605
645
1889
170
319
227
679
599
1319
2085
577
89
399
2064
715
691
576
937
688
28
220
1710
184
83
2046
1641
1869
386
1515
813
81
1120
809
855
1310
2078
608
713
1254
690
605
645
1889
170
319
227
679
599
1319
2085
577
89
399
2064
715
691
576
937
688
28
220
1710
184
83
2046
1641
1869
386
1515
813
81
1120
809
855
1310
2078
608
713
1254
690
605
645
1889
170
319
227
679
599
1319
2085
577
89
399
2064
715
691
576
937
688
28
220
1710
184
83
2046
1641
1869
386
1515
813
81
1120
809
855
1310
2078
608
713
1254
690
605
645
1889
170
319
227
679
599
1319
2085
577
89
399
2064
715
691
576
937
688
28
220
1710
184
83
2046
1641
1869
386
1515
813
81
1120
809
855
1310
2078
608
713
1254
690
605
645
1889
170
319
227
679
599
1319
2085
577
89
399
2064
715
691
576
937
688
28
220
1710
184
83
2046
1641
1869
386
1515
813
81
1120
809
855
1310
2078
608
713
1254
690
605
645
1889
170
319
227
679
599
1319
2085
577
89
399
2064
715
691
576
937
688
28
220
1710
184
83
2046
1641
1869
386
1515
813
81
1120
809
855
1310
2078
608
713
1254
690
605
645
1889
170
319
227
679
599
1319
2085
577
89
399
2064
715
691
576
937
688
28
220
1710
184
83
2046
1641
1869
386
1515
813
81
1120
809
855
1310
2078
608
713
1254
690
605
645
1889
170
319
227
679
599
1319
2085
577
89
399
2064
715
691
576
937
688
28
220
1710
184
83
2046
1641
1869
386
1515
813
81
1120
809
855
1310
2078
608
713
1254
690
605
645
1889
170
319
227
679
599
1319
2085
577
89
399
2064
715
691
576
937
688
28
220
1710
184
83
2046
1641
1869
386
1515
813
81
1120
809
855
1310
2078
608
713
1254
690
605
645
1889
170
319
227
679
599
1319
2085
577
89
399
