84
77
227
215
73
96
39
87
23
25
23
88
70
90
87
73
69
25
227
96
88
77
227
70
39
69
96
75
87
73
70
69
77
75
73
227
90
25
39
23
25
70
23
88
227
75
73
69
77
215
90
39
84
73
227
23
77
215
69
96
75
88
73
84
25
227
215
69
96
90
88
215
90
77
70
87
69
75
84
73
75
90
23
70
227
84
87
39
96
73
227
215
77
69
73
87
75
25
96
88
39
73
215
90
84
77
75
70
88
25
69
90
23
39
87
227
215
96
25
75
73
75
87
227
96
69
77
84
70
215
69
25
73
90
227
84
96
77
39
88
69
96
70
73
39
77
88
25
87
75
23
39
69
227
70
90
88
25
73
77
77
70
73
96
39
88
75
87
69
84
96
227
25
90
88
70
23
215
39
73
23
77
87
73
96
75
90
70
39
88
77
73
88
39
215
25
75
70
87
96
69
96
84
88
73
23
39
70
90
215
25
96
215
77
69
84
73
227
23
39
96
87
23
77
75
39
73
88
215
25
39
23
77
84
87
215
73
227
25
90
70
87
90
23
88
75
77
215
96
227
84
75
70
73
77
23
88
39
69
215
25
77
73
88
90
215
84
39
75
69
88
84
77
87
75
70
227
73
39
25
227
23
90
84
25
87
96
69
77
73
73
69
70
77
87
25
88
90
84
227
227
90
73
39
23
84
77
87
75
69
88
73
39
75
96
87
69
77
227
84
75
73
70
227
23
25
84
77
39
90
88
215
70
96
75
227
69
77
87
90
215
70
75
39
227
90
88
69
73
25
90
25
70
23
39
227
69
215
87
96
88
215
39
227
77
69
70
25
87
75
215
70
25
39
88
23
90
84
96
77
25
90
70
69
87
39
75
73
227
88
77
73
75
227
39
23
215
88
25
90
69
77
90
70
39
84
215
87
96
25
84
227
77
73
25
88
87
70
69
215
96
70
84
69
215
77
90
88
87
227
73
88
70
25
90
96
75
77
87
84
69
96
75
84
39
90
70
87
77
215
90
69
96
25
23
73
70
84
39
87
90
84
96
77
39
88
215
87
25
70
25
75
23
73
96
84
87
90
69
77
96
70
227
23
87
73
69
39
25
84
87
73
215
84
96
69
70
227
88
39
