107
13
248
10
56
59
185
135
21
108
21
185
57
56
107
13
98
248
49
59
135
49
59
248
107
145
13
21
98
56
98
59
21
53
10
135
107
145
185
49
13
59
57
53
21
107
108
135
10
49
108
185
248
10
13
98
21
56
49
57
21
13
98
108
49
135
56
57
59
248
13
57
53
135
145
98
248
49
185
107
185
145
57
53
10
107
21
98
49
13
59
56
248
185
57
53
98
145
10
13
185
56
21
13
107
49
59
53
145
10
98
108
248
53
21
57
49
13
135
145
185
108
57
59
107
21
98
56
13
49
57
59
108
98
10
13
53
21
107
49
135
185
53
108
107
248
56
145
13
57
98
53
13
185
108
56
57
21
10
145
56
21
185
145
248
108
10
98
135
49
49
59
98
53
135
56
185
145
13
108
53
145
108
57
248
49
13
56
107
59
13
53
135
56
185
98
108
21
49
145
49
135
108
13
56
145
59
185
57
21
185
13
108
98
248
135
10
21
59
53
49
145
21
56
53
98
10
108
107
248
10
53
59
21
56
185
108
107
57
145
185
57
10
98
108
248
107
53
145
13
13
59
145
108
107
185
53
57
56
49
145
10
185
107
59
108
21
248
49
53
135
13
57
108
98
185
145
53
21
107
185
49
98
57
21
248
59
10
56
145
13
49
108
56
10
248
135
98
21
107
145
98
57
248
53
185
13
10
49
59
10
59
49
56
135
108
145
107
248
21
21
57
108
10
135
185
49
107
56
53
98
107
56
49
57
135
59
10
185
21
98
53
56
21
59
248
57
107
145
185
57
56
145
248
10
21
53
108
185
13
10
49
57
185
13
59
53
21
56
107
53
107
135
56
98
108
10
248
185
21
185
56
21
98
135
10
108
53
57
13
59
185
135
56
21
57
108
53
107
145
53
56
135
248
98
57
10
21
49
145
185
56
145
108
21
107
135
98
49
13
107
49
56
57
53
185
108
145
21
59
108
53
57
13
98
135
248
145
10
107
49
185
145
135
98
57
13
107
108
21
53
57
248
56
49
145
10
21
107
185
185
107
13
21
10
53
108
135
59
248
10
107
53
248
185
59
57
21
56
49
135
59
248
108
10
56
53
13
98
185
59
98
53
49
57
56
135
10
185
145
