27
234
217
73
91
1
93
58
97
214
73
217
104
234
214
215
91
62
165
27
214
27
58
62
1
104
165
97
93
37
214
37
217
104
73
1
165
93
97
215
165
37
27
97
215
73
93
58
1
62
97
1
58
215
104
37
91
214
73
93
214
217
27
73
91
93
104
215
62
234
1
93
27
91
214
37
234
104
215
165
217
165
91
62
1
234
93
97
214
58
58
27
234
62
91
97
165
93
73
214
234
93
104
217
73
27
1
215
165
91
91
214
27
234
37
58
93
217
165
104
91
93
214
1
58
234
37
215
104
165
165
93
214
73
58
104
217
234
215
37
1
234
165
93
91
27
215
97
58
217
217
104
1
214
234
97
215
165
93
37
234
214
215
27
37
104
1
217
58
91
91
1
93
217
234
214
62
37
104
215
93
215
104
58
234
91
165
97
37
214
214
37
93
97
217
58
62
104
165
91
215
58
91
214
1
62
37
97
234
165
27
104
93
1
37
217
234
165
215
62
62
91
93
214
217
1
73
27
37
165
91
62
93
1
217
58
234
97
214
104
93
62
27
217
97
37
214
104
73
58
58
73
37
215
234
217
1
214
104
62
1
217
93
58
37
73
27
165
91
214
58
1
27
165
91
73
215
93
62
104
62
97
73
215
104
37
93
165
217
234
217
214
37
1
73
93
104
165
58
234
62
215
27
165
73
97
104
93
217
1
58
215
165
73
91
234
93
214
217
97
91
234
104
37
214
1
58
217
62
27
37
62
234
27
215
93
1
73
165
214
27
93
91
62
73
214
104
97
165
58
58
37
217
234
214
215
104
1
27
73
73
165
58
215
214
97
217
1
37
234
91
73
215
27
37
93
58
217
165
62
97
58
165
73
93
104
91
1
214
27
58
214
234
62
1
165
27
93
97
91
91
1
234
27
37
214
93
215
58
73
217
104
214
62
58
215
93
165
27
1
234
165
214
93
215
27
91
58
62
1
62
217
27
91
73
97
58
104
214
215
234
91
58
73
1
165
93
215
37
217
215
165
73
217
1
27
91
234
93
214
58
104
37
62
93
234
97
27
214
73
37
27
93
234
73
214
97
215
217
1
62
215
97
214
234
73
217
91
27
165
27
93
1
234
215
217
214
104
58
37
