9
146
2
40
4
3
7
236
37
20
146
2
236
6
11
20
9
84
40
3
3
2
236
40
9
7
146
43
42
84
40
9
42
43
146
6
4
7
20
3
43
11
6
40
4
2
84
9
7
146
236
146
6
7
20
11
2
3
37
43
4
42
11
2
43
40
20
7
37
236
3
6
9
236
84
4
20
40
37
2
20
146
84
9
42
236
11
40
43
4
37
20
7
4
3
40
236
6
43
11
7
6
84
40
3
37
43
146
42
4
20
6
9
42
43
146
4
11
37
40
7
236
4
37
3
84
9
146
11
6
6
42
4
43
2
3
84
40
9
11
146
84
40
20
11
3
236
42
9
4
7
2
84
42
20
9
4
3
40
146
3
20
7
84
236
43
9
2
4
146
40
9
146
3
11
42
84
43
7
20
7
4
11
37
84
9
43
42
3
40
6
9
3
7
236
37
42
40
146
4
6
9
37
7
2
146
84
236
43
20
11
4
9
42
2
84
40
146
20
7
146
20
4
42
9
6
2
40
236
37
236
20
37
42
11
4
43
2
84
7
146
40
43
4
20
9
37
3
7
11
11
236
40
2
20
43
6
42
4
146
3
40
236
20
4
146
37
43
9
7
11
2
37
43
3
4
146
236
9
42
43
146
7
9
20
4
3
84
6
42
43
6
42
146
7
4
236
84
20
2
146
6
4
40
42
11
9
7
43
84
3
4
42
11
236
146
6
20
43
2
40
9
236
7
146
37
84
11
3
4
146
4
11
20
42
84
2
37
3
6
146
236
9
7
4
40
6
37
11
20
3
84
37
236
6
20
11
42
146
7
43
20
42
9
7
6
37
2
11
40
37
146
11
7
6
4
9
42
236
84
6
84
2
146
4
43
40
9
42
37
3
11
4
84
9
7
146
2
42
6
7
146
37
84
11
3
4
43
9
236
146
20
6
9
236
43
7
2
4
3
20
40
3
37
84
7
236
43
146
11
9
37
6
4
2
7
42
11
236
43
2
20
7
9
3
146
6
40
43
236
236
7
37
11
146
20
84
4
42
6
4
84
236
20
11
7
37
42
43
9
11
20
42
3
4
6
2
84
236
43
4
236
7
84
37
40
146
43
6
3
11
20
146
4
7
9
2
3
42
6
