9
2
8
17
13
17
2
8
10
50
9
13
2
17
10
10
8
9
17
13
13
10
8
17
9
9
13
17
50
2
13
9
10
17
2
8
10
50
9
13
8
10
13
17
9
10
2
9
50
8
10
50
2
9
17
50
10
2
8
17
17
9
13
10
8
8
13
17
50
9
2
50
13
17
9
8
50
10
2
17
50
8
2
9
13
8
50
13
17
9
13
8
10
50
17
17
2
13
9
10
8
50
2
13
17
8
50
17
9
13
9
50
17
10
13
10
13
9
2
50
13
8
50
9
10
9
2
8
10
17
50
10
8
13
2
2
10
17
9
13
50
13
17
2
10
2
8
50
9
10
8
17
2
13
50
8
9
50
13
2
10
13
8
50
9
8
17
2
13
9
9
2
17
8
13
8
17
9
2
50
13
9
8
17
50
8
17
13
2
9
17
10
9
8
2
2
8
13
17
10
13
17
9
2
50
2
10
17
9
50
50
9
2
13
10
2
8
50
17
9
9
2
13
50
10
2
10
8
9
13
13
17
8
50
10
17
8
13
10
50
13
8
10
2
9
17
10
50
2
9
