95
261
128
137
218
80
145
150
131
257
187
95
257
150
13
354
128
80
137
145
80
38
13
137
150
261
257
330
95
187
128
150
131
80
137
13
330
261
38
95
128
13
80
330
131
145
95
257
218
38
218
145
131
261
128
95
38
137
330
150
354
187
137
218
38
330
128
80
131
13
80
257
150
330
261
13
95
354
131
38
218
137
257
95
13
80
131
330
150
261
187
257
128
131
150
137
145
330
218
261
330
128
145
13
131
38
218
137
261
80
261
128
257
95
38
137
354
218
80
145
128
38
150
80
145
187
330
218
137
261
80
95
131
38
354
128
261
257
137
150
354
187
145
261
137
150
257
330
218
80
95
128
13
330
131
187
145
38
80
257
128
218
131
330
80
354
257
145
38
187
131
13
128
257
145
330
95
38
80
150
261
131
80
13
145
218
38
257
137
354
330
354
261
145
150
131
80
218
257
38
131
137
330
150
218
261
257
354
145
80
13
128
131
257
145
218
150
330
38
95
128
131
150
80
218
145
137
187
38
257
95
330
128
13
38
150
218
80
354
131
80
131
330
13
38
150
95
128
187
257
95
145
150
137
80
13
131
218
38
257
257
80
218
38
137
354
330
261
13
131
13
137
187
257
218
261
38
131
354
80
145
218
80
187
128
150
95
354
131
330
218
354
257
131
38
187
150
330
261
13
150
131
330
95
354
80
38
137
128
13
137
261
257
13
187
218
131
38
128
150
131
187
145
330
257
80
354
128
261
218
128
187
13
38
80
131
261
354
257
330
261
13
80
354
330
38
150
128
95
218
131
38
95
261
330
354
13
150
137
218
150
128
38
13
261
131
257
218
354
145
145
128
218
137
330
13
150
354
261
38
150
187
261
257
131
128
13
137
218
38
131
13
95
330
80
257
128
137
38
261
150
257
145
80
137
218
354
261
95
13
261
187
128
131
257
150
218
354
13
95
38
80
137
13
261
95
330
187
257
131
13
187
131
137
95
145
80
330
261
218
80
150
354
257
38
261
95
131
187
218
95
330
261
187
150
354
38
257
80
13
261
131
128
218
38
95
257
80
137
330
131
128
150
95
330
145
38
187
261
218
38
330
187
150
95
257
131
80
261
13
80
131
13
187
354
128
261
145
137
257
