5
702
610
2140
777
814
456
787
1893
320
1523
396
1697
1800
140
70
698
617
239
797
308
1003
324
795
271
1885
789
1772
713
784
778
573
728
225
133
702
1800
320
5
573
1697
1523
1003
2140
778
140
789
797
617
610
787
225
324
271
308
698
728
1893
795
777
1885
713
456
70
239
784
396
1772
814
133
271
1003
787
320
797
1772
308
795
573
456
702
814
617
396
1800
133
777
698
1697
713
1893
2140
324
70
225
1523
778
239
610
5
1885
140
728
784
789
239
2140
814
610
324
573
308
396
777
789
1697
5
1885
713
797
1800
702
271
698
140
795
784
1003
1893
617
1772
225
1523
133
728
320
787
456
778
70
702
1772
617
784
789
1893
320
814
1885
1523
728
456
239
698
225
573
5
308
610
396
133
2140
70
1697
713
324
795
778
1800
271
787
140
1003
797
777
2140
1697
728
5
784
778
787
70
1893
1800
324
698
140
573
797
1523
777
308
1772
702
713
225
795
610
617
133
456
271
320
1003
396
239
789
1885
814
784
70
698
728
617
814
456
797
702
396
239
1697
1523
140
778
324
777
795
320
5
2140
1893
713
573
789
787
1800
1003
1772
271
308
1885
133
610
225
396
239
777
5
308
2140
1885
728
70
610
787
225
1697
1772
324
573
271
140
814
1523
784
713
1893
698
1003
795
1800
789
702
778
133
797
320
456
617
1697
610
70
1885
1523
140
1772
698
324
5
320
1800
789
713
1893
396
225
133
702
2140
787
239
784
797
795
573
617
308
777
271
778
1003
728
814
456
324
239
787
396
271
1893
320
1885
70
784
713
1772
308
140
814
789
1697
1523
698
573
728
777
1800
797
702
1003
225
5
133
456
795
2140
778
617
610
456
308
787
1885
324
1523
320
225
2140
789
573
617
814
1800
133
1003
728
70
1772
777
610
713
784
702
698
239
1893
1697
795
797
778
396
140
5
271
70
1800
777
1697
324
2140
814
396
225
456
713
133
239
617
573
140
1523
1893
797
610
795
702
784
271
1003
1885
787
778
308
728
698
1772
320
5
789
225
396
308
133
702
456
617
5
140
610
324
1885
1003
1523
698
2140
728
777
795
713
320
787
789
70
1697
797
1800
778
271
1893
814
573
1772
784
239
702
140
1697
573
795
617
5
698
778
777
396
225
133
239
610
456
1885
271
1800
308
320
1893
728
789
814
1523
784
1772
713
1003
797
324
787
2140
70
778
271
239
2140
777
1800
787
617
1772
1003
225
396
795
797
1697
133
70
728
789
324
702
814
610
784
456
713
308
573
5
1885
1523
1893
698
140
320
1523
573
787
225
2140
778
1697
777
308
133
713
239
698
456
789
140
795
728
5
396
1772
797
271
320
814
1893
70
784
702
610
1003
324
1885
1800
617
617
610
225
795
1885
777
133
239
698
814
2140
789
784
778
70
797
1697
1523
271
456
324
140
713
1800
5
573
787
702
1003
308
320
396
1772
728
1893
610
1003
396
70
728
787
789
133
1893
795
573
320
239
271
1800
1697
777
456
797
702
713
308
5
784
225
324
2140
698
778
814
140
1772
1885
1523
617
795
70
778
814
573
1893
777
2140
789
698
728
308
787
797
271
324
1523
225
1772
239
320
1697
1800
140
133
1003
396
456
617
702
713
784
5
1885
610
396
1893
698
797
778
814
140
1885
713
225
324
1003
777
617
1697
320
308
573
2140
239
1523
610
133
456
271
1772
789
702
70
784
787
1800
728
795
5
5
324
784
1523
308
271
713
610
617
1772
456
778
573
728
2140
795
797
814
1800
698
777
1697
225
1893
1885
140
133
789
396
702
239
320
1003
70
787
140
797
225
308
573
271
1800
324
617
787
784
1772
713
239
778
795
70
320
5
789
702
133
698
1697
1885
456
777
814
2140
728
1523
396
610
1893
1003
324
713
728
133
1523
456
140
698
777
396
1697
784
778
5
617
225
1885
239
573
1800
789
787
308
1003
795
1893
70
271
320
702
610
797
2140
814
1772
225
1697
617
1003
787
456
728
1885
778
1893
140
396
610
713
271
573
239
70
797
698
1800
784
777
308
789
324
702
320
133
1772
814
5
795
1523
2140
324
320
778
777
5
797
610
1003
239
573
1523
1800
2140
795
1893
271
70
133
225
789
1772
396
814
728
1697
617
308
784
702
698
787
456
1885
140
713
2140
271
713
1885
1523
795
1772
133
324
778
728
239
456
1893
1003
308
396
797
814
702
225
573
140
698
610
784
617
320
5
1697
777
1800
789
787
70
225
610
308
324
456
728
2140
789
320
1003
702
1893
573
713
1885
239
814
396
271
777
797
698
787
1523
1772
140
778
133
795
617
5
784
1800
1697
70
1003
610
1697
70
308
396
797
225
698
5
271
789
777
140
795
320
2140
784
1523
702
787
814
324
456
239
778
617
1800
728
133
1893
713
573
1772
1885
1772
702
225
1523
308
1003
713
573
814
610
1800
396
271
70
617
456
2140
140
1885
797
133
778
795
1893
787
789
324
239
698
728
320
777
5
784
1697
795
702
456
1800
728
1885
789
324
1003
797
70
271
5
239
698
777
396
814
784
610
1523
308
1697
133
787
2140
1772
778
320
1893
225
140
573
617
713
239
702
1003
5
617
573
728
70
271
784
396
1893
814
787
320
1800
1772
140
610
225
789
797
324
778
698
1885
308
795
2140
713
777
1523
1697
456
133
456
778
1697
713
324
133
795
5
225
308
728
239
1772
617
140
702
610
1893
573
1003
1885
1523
271
320
797
698
789
70
1800
784
814
396
777
787
2140
396
1885
795
610
1697
617
239
702
271
778
1893
728
225
777
308
814
784
698
797
133
456
1523
140
1003
324
787
2140
713
789
5
320
70
573
1800
1772
1523
1772
713
1003
1800
456
777
573
271
396
133
2140
778
5
814
702
784
728
1893
789
1697
617
1885
797
698
140
225
610
795
324
320
308
239
70
787
271
324
1885
784
795
396
320
140
133
728
610
239
1523
225
787
1800
70
777
308
698
1697
1772
713
573
797
617
1003
778
1893
5
702
789
456
2140
814
396
777
133
778
784
698
324
702
728
140
456
787
617
1772
1697
1893
2140
1800
5
225
713
308
814
70
789
1885
1003
271
573
797
795
239
320
610
1523
1772
133
573
1893
610
1885
1523
308
239
396
713
2140
814
320
1800
1697
698
617
777
728
797
784
1003
225
789
271
70
456
787
324
795
702
778
140
5
140
777
617
456
787
784
610
1697
225
702
1893
1772
320
778
324
1885
396
239
797
789
271
5
573
70
1800
2140
133
698
1003
728
713
795
1523
308
814
702
728
610
396
797
617
225
2140
814
1003
698
324
713
308
777
1885
1800
271
140
456
1772
573
5
778
133
1893
320
239
1697
70
789
1523
787
784
795
777
133
308
784
1800
456
1885
70
324
797
5
814
728
698
2140
617
610
271
1523
787
1772
1893
573
239
140
396
795
789
225
1003
702
778
713
320
1697
713
698
1523
1885
778
225
308
396
1800
814
617
797
70
324
784
271
456
789
787
573
610
795
1772
320
702
133
140
239
5
728
1697
777
1893
1003
2140
814
795
1772
1800
1893
1523
456
239
728
698
140
308
789
271
573
133
2140
70
702
320
610
1697
1003
713
784
778
777
225
5
396
324
797
787
617
1885
1772
2140
713
617
239
1003
320
777
1697
1800
610
778
70
797
308
728
787
225
814
702
324
784
140
5
133
789
1885
271
1523
456
698
795
396
1893
573
789
777
324
778
140
573
784
728
702
1697
787
713
797
225
795
1893
308
814
5
1003
1772
1523
271
698
133
617
610
2140
70
456
320
239
396
1800
1885
797
271
787
239
1523
713
140
610
617
1800
1885
1893
396
456
1003
795
698
777
320
5
70
814
784
573
778
133
1772
728
308
2140
702
225
1697
789
324
784
702
814
797
1885
456
698
239
777
320
396
617
70
610
795
789
5
1800
1523
1003
271
225
713
787
2140
324
1893
1697
728
140
1772
778
573
133
308
456
396
617
797
1772
1697
2140
728
778
324
1523
713
573
1893
70
225
239
702
271
610
140
1885
1800
777
795
308
784
789
1003
320
698
133
5
814
787
308
1893
784
2140
324
789
814
1772
702
1885
778
140
5
713
133
456
1697
239
271
396
617
320
1523
1003
610
795
573
797
698
1800
70
225
728
777
787
787
133
320
789
1885
1772
1003
324
573
1697
698
2140
5
778
308
702
814
396
617
728
797
795
271
610
777
713
456
784
1893
225
70
1523
1800
239
140
698
239
1772
396
1893
797
308
814
2140
777
1003
784
324
320
795
787
617
1885
728
778
1523
713
271
225
133
70
1697
456
140
573
702
610
5
789
1800
