215
25
87
39
75
23
96
84
90
70
88
84
25
39
215
73
77
70
75
23
96
227
87
23
215
75
70
39
25
88
88
87
23
215
25
75
77
227
90
69
73
77
88
75
87
39
96
227
84
70
69
215
75
77
25
84
96
70
39
87
69
90
96
25
77
84
88
23
70
73
90
227
77
84
73
75
215
69
70
96
25
227
90
70
69
96
88
23
75
73
23
88
96
90
215
84
69
87
39
227
88
73
39
215
84
227
96
87
75
77
23
75
96
87
25
215
39
88
90
84
73
227
70
84
75
25
96
39
88
77
227
23
25
90
88
70
87
73
84
69
25
88
227
215
39
73
90
87
70
84
75
90
88
87
84
215
96
227
23
73
96
69
227
75
73
90
25
84
70
88
39
69
70
75
215
88
84
227
87
73
69
96
39
227
75
215
88
73
23
84
87
77
90
23
75
96
84
215
69
39
73
88
215
25
69
70
84
227
87
96
87
90
77
215
227
96
84
23
88
70
90
69
39
23
84
25
73
77
227
70
84
39
69
77
70
96
73
215
25
87
39
215
70
96
75
88
25
90
84
77
227
90
75
87
77
73
39
215
84
88
73
77
70
75
25
96
69
23
39
215
87
77
96
39
73
215
23
75
70
84
88
25
96
215
75
227
87
84
23
77
75
70
87
215
25
69
23
77
227
90
77
25
73
90
96
70
69
88
75
227
90
88
69
77
84
227
87
23
75
25
227
70
39
69
84
87
88
90
77
73
23
84
69
77
70
227
215
88
39
75
25
215
39
90
84
70
227
96
75
77
70
88
75
96
73
77
25
87
39
69
96
39
227
70
69
77
90
23
73
87
227
77
75
90
84
39
87
88
25
96
88
23
77
96
84
227
39
25
215
90
77
88
90
84
39
69
87
73
96
70
23
215
39
90
69
88
87
75
70
73
84
69
25
77
96
215
227
70
73
23
88
73
69
77
87
39
75
84
227
70
96
39
77
73
90
84
25
88
23
215
96
73
88
215
77
227
39
23
84
75
227
77
84
215
96
39
73
25
87
70
25
84
88
69
227
39
215
87
73
70
39
77
88
215
75
227
73
69
87
23
88
90
69
75
227
84
23
25
87
215
84
227
70
69
39
88
73
25
96
75
