93
97
73
37
165
58
62
215
27
91
58
73
234
37
165
1
217
91
104
214
62
104
215
234
217
1
97
93
165
73
1
91
27
58
62
234
73
97
217
37
217
215
165
91
97
37
234
214
73
58
27
215
58
1
217
97
104
62
234
37
215
91
165
93
58
234
73
217
97
214
91
214
97
37
58
1
104
62
234
27
62
97
1
214
93
165
215
91
58
37
104
217
165
73
93
215
1
62
27
234
62
165
91
234
58
1
97
215
73
217
93
1
214
27
165
215
104
37
91
97
234
58
214
73
93
217
97
1
27
165
104
27
58
73
1
234
97
214
62
91
165
217
91
62
1
58
73
27
93
215
91
234
215
214
1
97
73
165
37
58
214
91
93
234
73
58
217
97
1
165
27
1
37
215
91
73
104
217
97
234
73
165
93
97
62
27
214
37
104
217
73
27
104
214
215
93
37
217
97
91
58
93
1
91
215
73
97
234
165
37
104
37
93
215
73
97
217
214
91
165
165
58
104
234
73
217
214
97
27
93
215
27
165
104
1
217
58
93
97
214
97
27
217
91
93
62
104
234
1
215
91
217
37
214
104
73
97
93
58
27
73
93
62
214
97
91
217
37
58
234
165
58
217
215
97
1
27
37
62
73
234
73
62
215
165
27
1
104
58
214
58
217
1
104
215
62
91
37
165
27
234
97
27
217
214
165
62
91
58
37
27
73
215
93
217
214
62
37
1
97
37
91
165
215
104
62
217
73
93
234
91
97
234
165
58
215
73
1
37
62
214
215
58
217
165
91
1
62
93
73
217
234
73
27
91
215
37
93
165
214
165
91
62
27
234
215
73
58
97
93
217
62
73
91
37
234
58
165
104
97
234
104
73
58
27
62
37
165
1
91
1
62
91
58
217
93
214
37
215
165
234
217
62
73
27
37
104
1
215
97
37
27
215
58
93
91
97
217
214
73
165
58
1
27
104
215
97
234
73
91
234
165
214
97
1
215
58
62
104
73
165
93
27
91
58
62
97
214
1
234
104
73
27
37
165
58
215
97
217
234
165
91
215
27
97
62
1
37
104
93
165
73
1
58
27
104
214
215
93
91
214
215
73
62
91
104
217
234
165
1
165
1
37
93
97
62
214
234
73
27
