135
49
57
59
108
10
53
107
13
185
248
10
135
185
56
57
21
59
108
13
145
57
108
53
13
107
59
21
185
10
107
135
248
108
57
56
59
98
49
10
145
108
185
57
21
13
248
53
59
135
13
107
10
49
21
185
108
56
53
57
248
53
145
107
59
10
108
135
21
57
10
108
21
248
185
49
13
145
53
57
49
145
98
13
21
185
108
59
56
248
107
145
108
21
135
49
56
57
98
53
56
107
10
59
49
98
57
108
53
21
108
56
57
107
59
53
135
49
21
248
57
108
107
98
56
49
13
145
21
10
10
248
53
107
135
108
13
21
145
49
59
21
145
13
56
107
98
53
108
57
107
10
59
21
56
49
135
53
248
13
13
53
59
248
107
49
21
56
98
185
98
10
13
248
135
56
145
108
57
59
108
185
57
145
135
49
21
53
248
98
248
10
57
53
185
108
13
135
107
21
98
108
49
185
145
248
53
56
10
21
10
56
107
49
13
53
135
185
145
57
145
10
107
135
57
13
21
53
98
56
107
59
49
98
21
108
135
10
56
145
145
57
107
185
21
98
13
135
56
10
10
57
49
56
145
248
13
135
21
185
98
185
49
107
145
108
248
59
13
135
145
248
98
10
53
21
107
135
57
13
56
21
13
108
10
98
145
57
53
49
98
49
145
185
13
108
135
10
56
107
248
108
57
145
56
135
13
10
185
49
53
108
49
107
185
21
56
98
145
57
53
49
145
108
107
21
98
57
56
13
59
56
13
145
10
21
53
49
248
108
248
49
98
21
135
145
108
59
53
10
248
56
49
13
59
21
145
107
10
135
21
145
108
248
57
10
53
98
135
56
98
185
107
108
57
21
56
10
248
59
135
57
56
107
53
10
248
13
145
59
59
56
57
185
135
49
21
10
248
53
21
108
135
185
49
10
53
57
98
59
185
10
98
145
59
135
49
248
107
57
13
49
56
108
98
145
107
248
21
185
107
57
185
135
10
13
49
248
56
59
185
135
59
145
108
10
248
49
53
21
108
21
135
145
13
248
98
185
10
59
98
59
107
57
21
248
13
108
185
49
49
135
57
108
185
53
248
10
56
145
21
135
98
13
10
59
49
56
248
108
49
107
135
98
57
56
59
13
185
145
