11
7
42
9
37
236
40
84
43
6
146
84
3
2
40
42
6
236
20
4
146
3
4
37
40
236
2
43
84
11
20
11
4
3
236
6
43
9
37
42
7
9
20
236
42
3
43
2
40
4
20
7
37
3
6
9
236
84
43
42
146
9
40
2
37
3
43
11
6
20
11
84
43
2
37
40
3
42
6
7
43
20
4
236
3
84
2
40
9
7
37
2
84
9
146
40
42
6
4
7
37
9
6
84
40
2
236
7
42
146
7
236
9
6
4
3
2
37
11
20
9
7
42
43
40
11
236
20
2
84
42
20
7
4
84
37
236
11
43
146
40
4
236
37
42
3
7
11
146
84
37
11
9
146
20
43
42
84
7
4
20
7
42
43
2
9
40
6
11
4
84
3
11
6
4
42
40
37
7
2
37
6
146
42
236
4
2
20
7
40
43
42
37
7
84
2
146
20
236
9
2
43
3
42
84
37
146
9
236
40
236
20
4
42
7
84
3
11
2
40
11
84
3
37
6
236
42
2
146
43
11
3
9
42
40
2
4
236
20
84
3
4
43
2
6
37
7
84
9
11
84
7
236
4
37
42
11
40
43
20
20
146
2
6
236
7
3
84
4
9
2
40
3
37
236
146
4
9
42
11
40
43
20
7
236
84
9
4
6
2
84
40
9
42
20
236
2
37
4
43
40
42
6
37
43
11
3
9
146
7
7
2
146
84
236
20
6
43
4
42
42
236
43
84
40
2
146
3
37
20
9
4
146
20
11
7
42
37
84
6
40
37
43
9
146
7
84
11
6
42
11
84
146
43
2
4
236
6
42
20
236
43
40
146
11
2
37
9
6
42
20
2
3
4
84
42
146
236
40
11
37
6
40
11
7
2
9
42
4
20
236
11
20
84
43
146
9
37
3
4
40
6
3
43
7
37
11
42
146
2
11
37
42
146
84
20
2
236
3
9
4
6
2
42
146
9
236
84
40
7
40
9
4
42
236
84
20
2
43
37
236
40
3
4
37
146
84
2
6
9
9
40
6
7
84
20
146
42
4
43
9
42
37
146
84
20
2
40
3
6
11
236
42
6
20
37
9
7
3
2
11
40
20
9
146
42
4
6
236
84
42
146
40
37
6
7
2
236
11
3
