17
2
10
50
13
17
10
2
13
8
8
10
2
9
17
9
8
17
2
10
2
50
8
10
13
2
13
10
8
50
9
50
10
2
13
10
50
9
8
2
50
17
9
2
13
8
50
10
17
13
2
13
50
17
10
8
10
50
9
17
13
8
9
2
10
2
10
17
13
9
13
50
10
8
17
13
8
2
17
9
10
9
8
2
50
17
50
10
8
13
50
13
9
2
10
50
10
9
13
8
8
50
2
9
10
17
10
13
50
2
2
8
9
17
13
13
9
2
8
10
10
17
8
50
9
50
2
8
17
13
17
13
2
8
50
10
13
8
2
9
8
17
9
2
50
13
10
17
9
50
10
2
8
50
13
13
17
2
8
10
10
9
2
50
8
50
13
10
9
8
2
50
8
9
13
2
10
13
8
17
8
13
9
10
17
17
2
13
50
8
8
9
13
17
10
13
50
9
17
8
13
9
2
10
8
8
10
17
9
50
50
2
17
10
13
9
2
8
10
13
9
13
50
8
17
2
8
50
13
17
50
17
10
8
9
17
8
9
10
2
2
9
13
17
8
50
9
8
2
17
