187
13
131
38
150
128
218
145
95
261
95
330
354
261
257
38
218
80
187
13
38
330
145
218
261
354
137
187
95
80
354
13
95
128
261
257
145
150
187
80
137
38
218
150
128
80
261
257
95
13
137
95
128
330
13
145
187
38
354
218
80
38
150
95
145
137
131
257
13
354
145
131
187
261
95
218
128
13
354
150
128
38
330
13
131
150
145
261
95
80
150
80
137
257
13
131
128
95
145
218
150
13
218
261
187
131
95
257
38
330
80
145
38
187
128
137
330
218
131
95
150
95
128
218
38
354
145
187
257
330
187
128
145
150
218
257
354
95
38
137
80
257
145
218
137
128
187
330
354
38
131
145
80
187
257
218
13
261
354
137
80
128
330
354
137
218
131
145
187
38
187
354
257
38
128
13
218
80
145
131
95
354
128
150
218
257
131
187
38
145
257
38
218
187
13
80
330
137
145
95
38
137
145
187
80
330
218
13
131
261
187
80
257
38
150
218
131
13
261
145
38
218
13
261
95
131
80
187
354
257
354
38
137
145
13
218
95
257
187
330
145
95
257
330
80
150
218
261
38
131
38
218
128
261
150
187
95
137
145
80
80
261
131
218
187
38
95
354
13
137
354
150
128
80
257
187
330
13
218
95
261
150
218
131
128
145
257
80
13
330
38
13
257
145
80
261
354
150
137
128
13
38
131
257
218
330
80
187
354
95
145
131
95
13
128
80
330
137
261
187
187
95
257
80
330
38
131
137
145
13
80
131
257
150
354
137
261
13
38
330
187
145
150
354
131
330
80
128
38
218
13
145
257
218
131
80
261
128
330
95
95
128
131
137
150
330
80
38
261
145
95
131
80
257
145
330
218
13
128
38
330
261
137
95
131
257
80
13
38
187
137
13
145
80
257
354
218
95
261
128
137
187
13
354
95
218
38
80
330
131
13
257
354
330
80
131
261
137
128
38
354
80
330
261
13
131
218
38
128
187
145
150
137
80
128
354
38
261
131
187
330
38
128
145
354
150
218
131
187
257
128
95
145
261
218
150
131
257
187
354
187
354
150
38
131
330
13
145
218
80
354
80
261
38
330
131
95
150
137
187
80
131
145
137
128
38
218
257
95
187
150
145
330
187
354
137
131
218
13
95
