1
91
234
97
62
165
58
73
37
27
93
37
1
97
91
165
104
58
27
214
91
93
27
62
37
97
214
217
58
234
104
91
215
27
234
165
73
93
214
37
91
27
37
234
93
214
215
165
58
217
215
58
165
1
62
37
73
97
91
234
91
93
27
104
214
37
217
165
62
58
104
58
217
93
215
73
62
91
97
234
1
217
91
234
58
215
73
93
214
37
104
217
93
27
215
234
91
62
214
58
217
165
27
214
97
58
104
1
37
93
91
165
104
234
58
37
97
215
1
217
62
165
73
58
215
93
104
97
91
234
73
234
37
215
104
217
91
58
214
62
37
62
1
27
214
93
73
97
165
91
73
165
214
215
37
91
62
1
97
217
215
1
37
217
104
93
62
97
214
91
97
58
165
1
104
217
91
215
37
27
93
62
165
58
37
1
27
215
73
214
97
234
73
93
37
58
165
27
62
215
104
215
93
37
91
73
214
1
62
165
1
217
234
62
215
104
27
97
214
37
58
234
1
37
91
27
214
165
217
73
104
214
97
1
37
73
91
215
234
217
37
93
215
73
234
97
27
165
217
104
215
73
62
217
1
104
37
91
214
234
104
62
37
27
58
214
91
234
93
165
104
91
62
37
73
234
1
217
214
215
93
217
58
37
215
62
234
214
165
104
91
97
214
234
58
62
217
27
93
37
215
214
58
62
73
165
27
217
37
97
97
62
1
93
214
27
91
234
58
165
58
214
73
234
27
215
104
97
93
165
91
104
58
1
165
73
215
62
27
93
104
91
73
58
214
234
215
217
27
37
165
62
91
37
58
97
215
217
104
214
165
73
91
104
97
58
1
215
37
62
91
37
93
1
104
27
58
73
215
165
234
1
58
214
104
165
73
217
27
62
62
73
37
27
217
214
97
58
93
91
165
27
58
104
97
62
93
91
73
234
234
93
37
62
104
27
214
97
165
1
58
165
73
104
97
37
91
27
93
62
234
165
214
27
1
217
37
104
97
93
91
73
93
214
165
37
104
1
97
62
37
214
165
234
104
215
91
217
73
27
93
165
27
62
58
104
73
215
217
214
93
58
165
91
234
1
214
73
104
27
37
234
104
93
91
215
165
1
27
58
91
58
27
62
217
214
234
215
73
93
