21
59
135
53
145
185
13
98
56
49
10
59
56
49
53
98
135
107
145
13
10
53
57
107
49
248
135
98
145
108
49
108
10
53
13
59
21
56
98
135
21
49
59
10
53
107
145
248
135
185
248
13
53
107
145
98
56
108
57
49
21
108
135
98
59
53
13
145
10
57
185
145
135
49
248
108
59
53
21
107
108
10
248
13
135
49
185
98
57
21
248
108
107
21
59
135
53
145
98
49
248
135
21
53
57
10
56
107
98
185
107
248
185
49
57
56
135
108
98
53
13
98
53
107
49
21
248
56
59
57
49
135
185
56
108
59
248
57
107
13
57
185
56
59
108
145
107
135
49
10
49
145
107
98
108
13
185
10
56
248
59
21
49
53
107
248
98
185
135
56
107
98
185
59
53
49
57
56
21
13
135
21
53
98
248
108
13
57
145
49
13
53
98
56
49
10
135
107
108
57
53
10
248
107
49
135
59
108
98
13
21
108
57
185
13
56
98
107
49
248
107
10
59
56
248
49
98
135
13
53
185
107
248
135
57
108
49
145
21
98
21
56
135
185
53
248
10
13
49
108
10
53
135
98
59
185
145
107
49
21
145
56
107
10
53
185
108
135
59
13
248
98
108
185
107
21
56
59
10
135
53
135
248
13
21
98
145
49
57
59
107
145
59
13
57
135
108
185
56
98
13
21
10
107
53
56
57
135
98
185
108
57
248
107
13
49
145
98
59
185
10
98
57
145
185
49
53
21
13
108
185
135
10
107
57
21
56
53
59
13
98
145
56
59
248
13
108
21
53
57
21
108
56
59
107
135
145
248
98
53
185
248
135
21
57
13
10
145
56
107
107
98
21
248
145
185
108
13
49
59
53
185
59
248
56
57
145
49
108
107
185
49
53
108
13
56
57
21
145
107
59
21
53
10
248
13
56
135
145
98
98
185
108
56
49
53
107
248
10
145
53
21
145
185
108
57
56
49
135
98
56
145
10
248
135
53
49
57
59
21
59
21
145
185
57
10
98
108
107
248
56
145
59
185
57
108
21
248
107
13
107
57
59
135
49
10
145
108
185
13
59
135
56
10
21
53
13
57
49
248
56
57
13
145
21
59
135
108
98
107
13
57
145
107
53
49
56
135
98
10
