25
70
69
77
90
227
87
88
96
73
75
23
70
88
90
39
69
84
77
215
39
90
75
77
73
84
87
96
88
25
88
69
96
215
90
23
87
75
84
227
87
88
25
73
75
215
90
77
96
84
70
69
87
77
96
88
73
75
84
23
69
227
84
70
75
87
25
39
23
88
77
75
69
23
25
90
88
73
87
39
227
87
25
90
75
96
69
39
215
70
73
77
90
96
227
25
70
88
23
215
39
25
75
88
227
70
96
69
23
87
25
77
69
96
73
88
23
84
39
70
39
25
88
84
75
23
227
70
73
87
39
90
23
88
75
73
84
69
70
87
39
25
215
70
75
87
96
84
227
73
87
227
88
23
39
215
75
70
96
90
90
88
84
215
227
73
75
69
39
70
96
73
25
227
84
69
77
39
87
88
90
75
88
96
227
39
70
215
25
87
88
96
77
70
227
69
39
90
215
84
90
25
88
87
39
75
215
73
23
227
70
96
25
75
77
87
69
23
73
84
69
39
87
84
23
227
96
77
88
70
77
70
88
75
73
227
87
39
96
90
215
73
87
96
70
39
88
75
90
23
70
96
75
69
88
227
77
87
25
90
69
25
23
39
87
73
70
96
215
90
96
77
84
70
23
39
25
215
90
75
73
96
69
25
215
23
39
75
87
90
23
69
25
73
77
88
215
39
87
227
88
69
77
39
96
70
87
73
227
215
25
215
70
39
96
77
88
227
90
73
90
73
215
23
227
69
25
96
88
70
75
39
23
90
77
87
84
25
227
96
87
75
39
84
77
25
23
69
88
90
227
96
75
23
88
84
77
69
87
25
96
39
69
77
227
87
23
90
75
70
90
25
23
75
215
73
87
227
88
77
23
227
39
69
25
84
77
96
70
90
90
96
227
39
77
70
84
73
215
69
88
23
77
25
73
75
84
69
215
227
75
215
39
77
227
87
88
96
90
73
70
23
39
69
73
75
84
25
88
227
77
39
88
73
96
75
227
70
87
25
215
75
69
84
227
90
77
23
39
87
77
23
215
84
25
69
96
75
88
70
87
70
90
69
73
75
39
84
96
215
87
84
23
215
227
70
88
73
77
25
87
25
88
84
77
227
90
69
70
96
39
69
77
23
75
215
88
84
96
25
