236
6
2
40
20
9
146
4
43
7
146
236
20
7
42
40
2
43
11
6
40
3
146
6
42
20
2
4
9
7
43
37
42
4
11
40
2
6
236
3
236
11
43
37
20
40
146
42
2
9
236
4
40
7
43
20
146
3
11
2
146
2
84
20
37
6
43
236
9
4
11
7
6
9
3
4
42
146
84
40
20
37
40
236
84
42
4
146
7
6
37
236
20
84
43
146
4
42
2
9
40
4
6
146
3
2
11
43
7
42
43
7
6
20
9
2
11
4
37
236
3
6
20
37
7
2
236
43
11
40
84
2
11
42
7
3
236
6
9
146
43
4
37
84
2
3
146
42
6
11
84
3
2
6
4
40
146
236
11
20
20
2
7
236
84
146
9
42
37
40
4
20
42
146
236
43
9
40
3
7
2
236
20
7
146
42
11
4
3
6
37
2
20
9
11
42
236
6
146
84
6
42
20
37
9
2
4
236
7
40
236
20
43
84
37
9
146
3
11
40
2
6
9
3
4
84
37
7
236
40
43
84
42
3
37
6
146
4
7
40
9
42
84
4
43
20
236
40
3
2
236
7
11
40
2
146
20
43
37
84
7
20
9
42
3
11
146
37
4
40
43
42
37
6
236
4
40
20
146
2
3
11
20
37
7
6
2
146
236
4
7
20
2
37
40
146
11
43
236
42
2
3
9
236
4
84
42
37
11
6
43
3
236
40
84
20
4
42
2
6
43
6
11
236
4
146
84
7
37
40
40
236
6
11
7
2
146
43
4
20
84
9
20
43
3
42
6
37
11
2
6
20
37
42
7
4
11
2
40
146
4
2
43
11
40
20
9
37
3
84
7
9
3
43
40
20
2
42
84
11
42
146
2
40
236
7
37
11
20
84
42
2
84
146
20
6
9
3
4
40
20
43
6
7
9
42
11
3
84
236
20
2
43
236
6
9
7
3
42
84
37
4
20
7
236
9
43
84
2
11
37
7
42
9
6
236
146
84
20
43
3
6
146
84
42
2
20
7
9
37
7
20
236
37
4
11
42
3
6
40
40
11
20
6
3
2
7
236
84
4
84
146
43
37
42
236
20
6
40
7
4
20
43
7
236
6
2
84
42
146
11
7
4
20
2
9
37
3
42
236
