145
354
95
257
261
137
128
330
218
187
354
330
261
128
13
131
80
145
38
187
128
137
330
13
95
257
38
145
80
354
137
131
145
218
80
95
354
330
13
38
131
218
261
187
145
150
80
137
128
95
218
354
187
137
95
150
38
257
131
261
145
354
330
38
261
218
80
257
128
137
13
218
128
354
95
187
330
137
131
38
257
128
261
150
137
187
330
218
13
145
218
95
330
257
128
145
150
131
187
261
257
80
128
13
261
187
150
131
218
95
187
218
145
330
261
128
38
13
257
150
95
131
128
330
145
261
150
13
187
354
128
145
218
261
257
80
354
38
137
95
80
137
330
128
187
13
38
218
131
261
261
354
128
150
13
137
95
257
80
330
137
261
218
95
38
150
131
80
128
257
150
13
330
145
261
38
131
187
80
354
330
95
137
354
80
131
13
187
128
145
13
218
257
187
38
150
95
128
145
137
131
95
13
330
187
80
354
257
145
218
354
150
261
330
128
13
38
145
187
131
257
330
80
150
261
354
218
131
38
187
354
330
218
150
187
38
145
95
257
128
150
128
131
80
261
137
13
354
218
330
13
187
261
145
38
150
95
218
257
330
187
354
137
257
80
261
95
218
131
13
13
218
128
145
354
80
150
187
257
38
13
95
354
128
38
261
80
137
145
187
145
257
131
261
218
80
354
150
330
13
137
38
131
354
257
218
150
95
80
187
218
257
145
354
150
131
187
38
137
95
187
150
261
38
257
80
330
95
13
128
261
330
187
80
137
150
257
13
95
218
80
330
261
354
257
145
150
187
128
137
261
218
187
95
145
80
38
137
150
354
38
150
95
145
354
257
131
218
80
261
145
330
218
38
150
354
95
131
187
257
150
137
354
261
330
257
95
128
38
13
261
38
150
95
218
80
354
13
145
131
330
354
137
38
13
128
150
131
218
187
150
80
131
354
257
330
95
38
145
13
330
80
261
13
218
137
145
187
128
257
261
150
137
257
80
145
131
354
187
128
218
80
145
38
131
187
128
257
150
13
187
150
80
330
13
354
145
257
261
137
13
150
187
218
257
145
95
354
330
80
131
354
38
187
261
330
95
128
145
218
257
150
218
95
145
128
137
38
261
13
137
38
354
257
80
330
145
218
261
150
