13
43
11
33
40
13
30
40
43
11
23
43
30
40
11
40
30
13
33
43
30
40
33
11
13
13
23
40
11
30
11
33
40
13
30
43
40
11
13
30
43
11
23
40
13
23
13
11
40
33
40
23
43
33
11
11
33
43
13
30
43
11
40
33
23
30
40
33
13
11
11
30
23
13
33
43
11
40
33
23
23
40
43
11
33
40
30
33
13
11
30
33
40
23
11
23
13
40
30
33
13
33
23
43
30
23
30
33
40
11
30
23
11
33
13
40
23
30
11
43
43
23
13
33
11
43
40
11
33
13
33
30
11
13
43
30
23
33
13
43
11
33
23
13
30
11
33
13
30
43
40
30
23
11
43
33
40
13
23
11
13
11
30
40
33
33
43
30
40
23
40
33
23
11
13
30
11
40
13
33
23
13
30
11
40
23
30
33
11
40
30
33
13
11
40
13
43
33
30
11
33
40
11
30
23
13
40
11
43
33
40
43
30
11
13
13
40
30
11
43
13
30
43
33
11
11
43
23
30
40
43
11
33
13
40
23
30
43
40
11
43
40
13
23
11
40
43
30
33
11
