6
26
208
56
126
67
139
95
80
97
6
26
208
56
126
67
139
95
80
97
6
26
208
56
126
67
139
95
80
97
6
26
208
56
126
67
139
95
80
97
6
26
208
56
126
67
139
95
80
97
6
26
208
56
126
67
139
95
80
97
6
26
208
56
126
67
139
95
80
97
6
26
208
56
126
67
139
95
80
97
6
26
208
56
126
67
139
95
80
97
6
26
208
56
126
67
139
95
80
97
6
26
208
56
126
67
139
95
80
97
6
26
208
56
126
67
139
95
80
97
6
26
208
56
126
67
139
95
80
97
6
26
208
56
126
67
139
95
80
97
6
26
208
56
126
67
139
95
80
97
6
26
208
56
126
67
139
95
80
97
6
26
208
56
126
67
139
95
80
97
6
26
208
56
126
67
139
95
80
97
6
26
208
56
126
67
139
95
80
97
6
26
208
56
126
67
139
95
80
97
6
26
208
56
126
67
139
95
80
97
6
26
208
56
126
67
139
95
80
97
6
26
208
56
126
67
139
95
80
97
6
26
208
56
126
67
139
95
80
97
6
26
208
56
126
67
139
95
80
97
6
26
208
56
126
67
139
95
80
97
6
26
208
56
126
67
139
95
80
97
6
26
208
56
126
67
139
95
80
97
6
26
208
56
126
67
139
95
80
97
6
26
208
56
126
67
139
95
80
97
6
26
208
56
126
67
139
95
80
97
6
26
208
56
126
67
139
95
80
97
6
26
208
56
126
67
139
95
80
97
6
26
208
56
126
67
139
95
80
97
6
26
208
56
126
67
139
95
80
97
6
26
208
56
126
67
139
95
80
97
6
26
208
56
126
67
139
95
80
97
6
26
208
56
126
67
139
95
80
97
6
26
208
56
126
67
139
95
80
97
6
26
208
56
126
67
139
95
80
97
6
26
208
56
126
67
139
95
80
97
6
26
208
56
126
67
139
95
80
97
6
26
208
56
126
67
139
95
80
97
6
26
208
56
126
67
139
95
80
97
6
26
208
56
126
67
139
95
80
97
6
26
208
56
126
67
139
95
80
97
6
26
208
56
126
67
139
95
80
97
6
26
208
56
126
67
139
95
80
97
6
26
208
56
126
67
139
95
80
97
6
26
208
56
126
67
139
95
80
97
