13
59
16
31
172
128
252
90
174
107
13
59
16
31
172
128
252
90
174
107
13
59
16
31
172
128
252
90
174
107
13
59
16
31
172
128
252
90
174
107
13
59
16
31
172
128
252
90
174
107
13
59
16
31
172
128
252
90
174
107
13
59
16
31
172
128
252
90
174
107
13
59
16
31
172
128
252
90
174
107
13
59
16
31
172
128
252
90
174
107
13
59
16
31
172
128
252
90
174
107
13
59
16
31
172
128
252
90
174
107
13
59
16
31
172
128
252
90
174
107
13
59
16
31
172
128
252
90
174
107
13
59
16
31
172
128
252
90
174
107
13
59
16
31
172
128
252
90
174
107
13
59
16
31
172
128
252
90
174
107
13
59
16
31
172
128
252
90
174
107
13
59
16
31
172
128
252
90
174
107
13
59
16
31
172
128
252
90
174
107
13
59
16
31
172
128
252
90
174
107
13
59
16
31
172
128
252
90
174
107
13
59
16
31
172
128
252
90
174
107
13
59
16
31
172
128
252
90
174
107
13
59
16
31
172
128
252
90
174
107
13
59
16
31
172
128
252
90
174
107
13
59
16
31
172
128
252
90
174
107
13
59
16
31
172
128
252
90
174
107
13
59
16
31
172
128
252
90
174
107
13
59
16
31
172
128
252
90
174
107
13
59
16
31
172
128
252
90
174
107
13
59
16
31
172
128
252
90
174
107
13
59
16
31
172
128
252
90
174
107
13
59
16
31
172
128
252
90
174
107
13
59
16
31
172
128
252
90
174
107
13
59
16
31
172
128
252
90
174
107
13
59
16
31
172
128
252
90
174
107
13
59
16
31
172
128
252
90
174
107
13
59
16
31
172
128
252
90
174
107
13
59
16
31
172
128
252
90
174
107
13
59
16
31
172
128
252
90
174
107
13
59
16
31
172
128
252
90
174
107
13
59
16
31
172
128
252
90
174
107
13
59
16
31
172
128
252
90
174
107
13
59
16
31
172
128
252
90
174
107
13
59
16
31
172
128
252
90
174
107
13
59
16
31
172
128
252
90
174
107
13
59
16
31
172
128
252
90
174
107
13
59
16
31
172
128
252
90
174
107
13
59
16
31
172
128
252
90
174
107
13
59
16
31
172
128
252
90
174
107
