151
59
154
54
28
3
2
5
6
225
151
59
154
54
28
3
2
5
6
225
151
59
154
54
28
3
2
5
6
225
151
59
154
54
28
3
2
5
6
225
151
59
154
54
28
3
2
5
6
225
151
59
154
54
28
3
2
5
6
225
151
59
154
54
28
3
2
5
6
225
151
59
154
54
28
3
2
5
6
225
151
59
154
54
28
3
2
5
6
225
151
59
154
54
28
3
2
5
6
225
151
59
154
54
28
3
2
5
6
225
151
59
154
54
28
3
2
5
6
225
151
59
154
54
28
3
2
5
6
225
151
59
154
54
28
3
2
5
6
225
151
59
154
54
28
3
2
5
6
225
151
59
154
54
28
3
2
5
6
225
151
59
154
54
28
3
2
5
6
225
151
59
154
54
28
3
2
5
6
225
151
59
154
54
28
3
2
5
6
225
151
59
154
54
28
3
2
5
6
225
151
59
154
54
28
3
2
5
6
225
151
59
154
54
28
3
2
5
6
225
151
59
154
54
28
3
2
5
6
225
151
59
154
54
28
3
2
5
6
225
151
59
154
54
28
3
2
5
6
225
151
59
154
54
28
3
2
5
6
225
151
59
154
54
28
3
2
5
6
225
151
59
154
54
28
3
2
5
6
225
151
59
154
54
28
3
2
5
6
225
151
59
154
54
28
3
2
5
6
225
151
59
154
54
28
3
2
5
6
225
151
59
154
54
28
3
2
5
6
225
151
59
154
54
28
3
2
5
6
225
151
59
154
54
28
3
2
5
6
225
151
59
154
54
28
3
2
5
6
225
151
59
154
54
28
3
2
5
6
225
151
59
154
54
28
3
2
5
6
225
151
59
154
54
28
3
2
5
6
225
151
59
154
54
28
3
2
5
6
225
151
59
154
54
28
3
2
5
6
225
151
59
154
54
28
3
2
5
6
225
151
59
154
54
28
3
2
5
6
225
151
59
154
54
28
3
2
5
6
225
151
59
154
54
28
3
2
5
6
225
151
59
154
54
28
3
2
5
6
225
151
59
154
54
28
3
2
5
6
225
151
59
154
54
28
3
2
5
6
225
151
59
154
54
28
3
2
5
6
225
151
59
154
54
28
3
2
5
6
225
151
59
154
54
28
3
2
5
6
225
