25
9
21
28
115
76
2
91
83
119
25
9
21
28
115
76
2
91
83
119
25
9
21
28
115
76
2
91
83
119
25
9
21
28
115
76
2
91
83
119
25
9
21
28
115
76
2
91
83
119
25
9
21
28
115
76
2
91
83
119
25
9
21
28
115
76
2
91
83
119
25
9
21
28
115
76
2
91
83
119
25
9
21
28
115
76
2
91
83
119
25
9
21
28
115
76
2
91
83
119
25
9
21
28
115
76
2
91
83
119
25
9
21
28
115
76
2
91
83
119
25
9
21
28
115
76
2
91
83
119
25
9
21
28
115
76
2
91
83
119
25
9
21
28
115
76
2
91
83
119
25
9
21
28
115
76
2
91
83
119
25
9
21
28
115
76
2
91
83
119
25
9
21
28
115
76
2
91
83
119
25
9
21
28
115
76
2
91
83
119
25
9
21
28
115
76
2
91
83
119
25
9
21
28
115
76
2
91
83
119
25
9
21
28
115
76
2
91
83
119
25
9
21
28
115
76
2
91
83
119
25
9
21
28
115
76
2
91
83
119
25
9
21
28
115
76
2
91
83
119
25
9
21
28
115
76
2
91
83
119
25
9
21
28
115
76
2
91
83
119
25
9
21
28
115
76
2
91
83
119
25
9
21
28
115
76
2
91
83
119
25
9
21
28
115
76
2
91
83
119
25
9
21
28
115
76
2
91
83
119
25
9
21
28
115
76
2
91
83
119
25
9
21
28
115
76
2
91
83
119
25
9
21
28
115
76
2
91
83
119
25
9
21
28
115
76
2
91
83
119
25
9
21
28
115
76
2
91
83
119
25
9
21
28
115
76
2
91
83
119
25
9
21
28
115
76
2
91
83
119
25
9
21
28
115
76
2
91
83
119
25
9
21
28
115
76
2
91
83
119
25
9
21
28
115
76
2
91
83
119
25
9
21
28
115
76
2
91
83
119
25
9
21
28
115
76
2
91
83
119
25
9
21
28
115
76
2
91
83
119
25
9
21
28
115
76
2
91
83
119
25
9
21
28
115
76
2
91
83
119
25
9
21
28
115
76
2
91
83
119
25
9
21
28
115
76
2
91
83
119
25
9
21
28
115
76
2
91
83
119
25
9
21
28
115
76
2
91
83
119
