8
12
2
36
6
8
12
2
36
6
8
12
2
36
6
8
12
2
36
6
8
12
2
36
6
8
12
2
36
6
8
12
2
36
6
8
12
2
36
6
8
12
2
36
6
8
12
2
36
6
8
12
2
36
6
8
12
2
36
6
8
12
2
36
6
8
12
2
36
6
8
12
2
36
6
8
12
2
36
6
8
12
2
36
6
8
12
2
36
6
8
12
2
36
6
8
12
2
36
6
8
12
2
36
6
8
12
2
36
6
8
12
2
36
6
8
12
2
36
6
8
12
2
36
6
8
12
2
36
6
8
12
2
36
6
8
12
2
36
6
8
12
2
36
6
8
12
2
36
6
8
12
2
36
6
8
12
2
36
6
8
12
2
36
6
8
12
2
36
6
8
12
2
36
6
8
12
2
36
6
8
12
2
36
6
8
12
2
36
6
8
12
2
36
6
8
12
2
36
6
8
12
2
36
6
8
12
2
36
6
8
12
2
36
6
8
12
2
36
6
8
12
2
36
6
8
12
2
36
6
8
12
2
36
6
8
12
2
36
6
8
12
2
36
6
8
12
2
36
6
