2
27
67
26
23
2
27
67
26
23
2
27
67
26
23
2
27
67
26
23
2
27
67
26
23
2
27
67
26
23
2
27
67
26
23
2
27
67
26
23
2
27
67
26
23
2
27
67
26
23
2
27
67
26
23
2
27
67
26
23
2
27
67
26
23
2
27
67
26
23
2
27
67
26
23
2
27
67
26
23
2
27
67
26
23
2
27
67
26
23
2
27
67
26
23
2
27
67
26
23
2
27
67
26
23
2
27
67
26
23
2
27
67
26
23
2
27
67
26
23
2
27
67
26
23
2
27
67
26
23
2
27
67
26
23
2
27
67
26
23
2
27
67
26
23
2
27
67
26
23
2
27
67
26
23
2
27
67
26
23
2
27
67
26
23
2
27
67
26
23
2
27
67
26
23
2
27
67
26
23
2
27
67
26
23
2
27
67
26
23
2
27
67
26
23
2
27
67
26
23
2
27
67
26
23
2
27
67
26
23
2
27
67
26
23
2
27
67
26
23
2
27
67
26
23
2
27
67
26
23
2
27
67
26
23
2
27
67
26
23
2
27
67
26
23
2
27
67
26
23
