24
147
154
23
19
30
60
70
118
21
24
147
154
23
19
30
60
70
118
21
24
147
154
23
19
30
60
70
118
21
24
147
154
23
19
30
60
70
118
21
24
147
154
23
19
30
60
70
118
21
24
147
154
23
19
30
60
70
118
21
24
147
154
23
19
30
60
70
118
21
24
147
154
23
19
30
60
70
118
21
24
147
154
23
19
30
60
70
118
21
24
147
154
23
19
30
60
70
118
21
24
147
154
23
19
30
60
70
118
21
24
147
154
23
19
30
60
70
118
21
24
147
154
23
19
30
60
70
118
21
24
147
154
23
19
30
60
70
118
21
24
147
154
23
19
30
60
70
118
21
24
147
154
23
19
30
60
70
118
21
24
147
154
23
19
30
60
70
118
21
24
147
154
23
19
30
60
70
118
21
24
147
154
23
19
30
60
70
118
21
24
147
154
23
19
30
60
70
118
21
24
147
154
23
19
30
60
70
118
21
24
147
154
23
19
30
60
70
118
21
24
147
154
23
19
30
60
70
118
21
24
147
154
23
19
30
60
70
118
21
24
147
154
23
19
30
60
70
118
21
24
147
154
23
19
30
60
70
118
21
24
147
154
23
19
30
60
70
118
21
24
147
154
23
19
30
60
70
118
21
24
147
154
23
19
30
60
70
118
21
24
147
154
23
19
30
60
70
118
21
24
147
154
23
19
30
60
70
118
21
24
147
154
23
19
30
60
70
118
21
24
147
154
23
19
30
60
70
118
21
24
147
154
23
19
30
60
70
118
21
24
147
154
23
19
30
60
70
118
21
24
147
154
23
19
30
60
70
118
21
24
147
154
23
19
30
60
70
118
21
24
147
154
23
19
30
60
70
118
21
24
147
154
23
19
30
60
70
118
21
24
147
154
23
19
30
60
70
118
21
24
147
154
23
19
30
60
70
118
21
24
147
154
23
19
30
60
70
118
21
24
147
154
23
19
30
60
70
118
21
24
147
154
23
19
30
60
70
118
21
24
147
154
23
19
30
60
70
118
21
24
147
154
23
19
30
60
70
118
21
24
147
154
23
19
30
60
70
118
21
24
147
154
23
19
30
60
70
118
21
24
147
154
23
19
30
60
70
118
21
24
147
154
23
19
30
60
70
118
21
