68
24
2
21
78
68
24
2
21
78
68
24
2
21
78
68
24
2
21
78
68
24
2
21
78
68
24
2
21
78
68
24
2
21
78
68
24
2
21
78
68
24
2
21
78
68
24
2
21
78
68
24
2
21
78
68
24
2
21
78
68
24
2
21
78
68
24
2
21
78
68
24
2
21
78
68
24
2
21
78
68
24
2
21
78
68
24
2
21
78
68
24
2
21
78
68
24
2
21
78
68
24
2
21
78
68
24
2
21
78
68
24
2
21
78
68
24
2
21
78
68
24
2
21
78
68
24
2
21
78
68
24
2
21
78
68
24
2
21
78
68
24
2
21
78
68
24
2
21
78
68
24
2
21
78
68
24
2
21
78
68
24
2
21
78
68
24
2
21
78
68
24
2
21
78
68
24
2
21
78
68
24
2
21
78
68
24
2
21
78
68
24
2
21
78
68
24
2
21
78
68
24
2
21
78
68
24
2
21
78
68
24
2
21
78
68
24
2
21
78
68
24
2
21
78
68
24
2
21
78
68
24
2
21
78
68
24
2
21
78
68
24
2
21
78
68
24
2
21
78
