201
205
221
23
472
114
168
65
222
359
201
205
221
23
472
114
168
65
222
359
201
205
221
23
472
114
168
65
222
359
201
205
221
23
472
114
168
65
222
359
201
205
221
23
472
114
168
65
222
359
201
205
221
23
472
114
168
65
222
359
201
205
221
23
472
114
168
65
222
359
201
205
221
23
472
114
168
65
222
359
201
205
221
23
472
114
168
65
222
359
201
205
221
23
472
114
168
65
222
359
201
205
221
23
472
114
168
65
222
359
201
205
221
23
472
114
168
65
222
359
201
205
221
23
472
114
168
65
222
359
201
205
221
23
472
114
168
65
222
359
201
205
221
23
472
114
168
65
222
359
201
205
221
23
472
114
168
65
222
359
201
205
221
23
472
114
168
65
222
359
201
205
221
23
472
114
168
65
222
359
201
205
221
23
472
114
168
65
222
359
201
205
221
23
472
114
168
65
222
359
201
205
221
23
472
114
168
65
222
359
201
205
221
23
472
114
168
65
222
359
201
205
221
23
472
114
168
65
222
359
201
205
221
23
472
114
168
65
222
359
201
205
221
23
472
114
168
65
222
359
201
205
221
23
472
114
168
65
222
359
201
205
221
23
472
114
168
65
222
359
201
205
221
23
472
114
168
65
222
359
201
205
221
23
472
114
168
65
222
359
201
205
221
23
472
114
168
65
222
359
201
205
221
23
472
114
168
65
222
359
201
205
221
23
472
114
168
65
222
359
201
205
221
23
472
114
168
65
222
359
201
205
221
23
472
114
168
65
222
359
201
205
221
23
472
114
168
65
222
359
201
205
221
23
472
114
168
65
222
359
201
205
221
23
472
114
168
65
222
359
201
205
221
23
472
114
168
65
222
359
201
205
221
23
472
114
168
65
222
359
201
205
221
23
472
114
168
65
222
359
201
205
221
23
472
114
168
65
222
359
201
205
221
23
472
114
168
65
222
359
201
205
221
23
472
114
168
65
222
359
201
205
221
23
472
114
168
65
222
359
201
205
221
23
472
114
168
65
222
359
201
205
221
23
472
114
168
65
222
359
201
205
221
23
472
114
168
65
222
359
201
205
221
23
472
114
168
65
222
359
201
205
221
23
472
114
168
65
222
359
201
205
221
23
472
114
168
65
222
359
