308
322
214
606
199
179
63
814
563
153
307
1
74
137
135
478
224
173
161
78
308
322
214
606
199
179
63
814
563
153
307
1
74
137
135
478
224
173
161
78
308
322
214
606
199
179
63
814
563
153
307
1
74
137
135
478
224
173
161
78
308
322
214
606
199
179
63
814
563
153
307
1
74
137
135
478
224
173
161
78
308
322
214
606
199
179
63
814
563
153
307
1
74
137
135
478
224
173
161
78
308
322
214
606
199
179
63
814
563
153
307
1
74
137
135
478
224
173
161
78
308
322
214
606
199
179
63
814
563
153
307
1
74
137
135
478
224
173
161
78
308
322
214
606
199
179
63
814
563
153
307
1
74
137
135
478
224
173
161
78
308
322
214
606
199
179
63
814
563
153
307
1
74
137
135
478
224
173
161
78
308
322
214
606
199
179
63
814
563
153
307
1
74
137
135
478
224
173
161
78
308
322
214
606
199
179
63
814
563
153
307
1
74
137
135
478
224
173
161
78
308
322
214
606
199
179
63
814
563
153
307
1
74
137
135
478
224
173
161
78
308
322
214
606
199
179
63
814
563
153
307
1
74
137
135
478
224
173
161
78
308
322
214
606
199
179
63
814
563
153
307
1
74
137
135
478
224
173
161
78
308
322
214
606
199
179
63
814
563
153
307
1
74
137
135
478
224
173
161
78
308
322
214
606
199
179
63
814
563
153
307
1
74
137
135
478
224
173
161
78
308
322
214
606
199
179
63
814
563
153
307
1
74
137
135
478
224
173
161
78
308
322
214
606
199
179
63
814
563
153
307
1
74
137
135
478
224
173
161
78
308
322
214
606
199
179
63
814
563
153
307
1
74
137
135
478
224
173
161
78
308
322
214
606
199
179
63
814
563
153
307
1
74
137
135
478
224
173
161
78
308
322
214
606
199
179
63
814
563
153
307
1
74
137
135
478
224
173
161
78
308
322
214
606
199
179
63
814
563
153
307
1
74
137
135
478
224
173
161
78
308
322
214
606
199
179
63
814
563
153
307
1
74
137
135
478
224
173
161
78
308
322
214
606
199
179
63
814
563
153
307
1
74
137
135
478
224
173
161
78
308
322
214
606
199
179
63
814
563
153
307
1
74
137
135
478
224
173
161
78
308
322
214
606
199
179
63
814
563
153
307
1
74
137
135
478
224
173
161
78
308
322
214
606
199
179
63
814
563
153
307
1
74
137
135
478
224
173
161
78
308
322
214
606
199
179
63
814
563
153
307
1
74
137
135
478
224
173
161
78
308
322
214
606
199
179
63
814
563
153
307
1
74
137
135
478
224
173
161
78
308
322
214
606
199
179
63
814
563
153
307
1
74
137
135
478
224
173
161
78
308
322
214
606
199
179
63
814
563
153
307
1
74
137
135
478
224
173
161
78
308
322
214
606
199
179
63
814
563
153
307
1
74
137
135
478
224
173
161
78
308
322
214
606
199
179
63
814
563
153
307
1
74
137
135
478
224
173
161
78
308
322
214
606
199
179
63
814
563
153
307
1
74
137
135
478
224
173
161
78
308
322
214
606
199
179
63
814
563
153
307
1
74
137
135
478
224
173
161
78
308
322
214
606
199
179
63
814
563
153
307
1
74
137
135
478
224
173
161
78
308
322
214
606
199
179
63
814
563
153
307
1
74
137
135
478
224
173
161
78
308
322
214
606
199
179
63
814
563
153
307
1
74
137
135
478
224
173
161
78
308
322
214
606
199
179
63
814
563
153
307
1
74
137
135
478
224
173
161
78
308
322
214
606
199
179
63
814
563
153
307
1
74
137
135
478
224
173
161
78
308
322
214
606
199
179
63
814
563
153
307
1
74
137
135
478
224
173
161
78
308
322
214
606
199
179
63
814
563
153
307
1
74
137
135
478
224
173
161
78
308
322
214
606
199
179
63
814
563
153
307
1
74
137
135
478
224
173
161
78
308
322
214
606
199
179
63
814
563
153
307
1
74
137
135
478
224
173
161
78
308
322
214
606
199
179
63
814
563
153
307
1
74
137
135
478
224
173
161
78
308
322
214
606
199
179
63
814
563
153
307
1
74
137
135
478
224
173
161
78
308
322
214
606
199
179
63
814
563
153
307
1
74
137
135
478
224
173
161
78
308
322
214
606
199
179
63
814
563
153
307
1
74
137
135
478
224
173
161
78
308
322
214
606
199
179
63
814
563
153
307
1
74
137
135
478
224
173
161
78
308
322
214
606
199
179
63
814
563
153
307
1
74
137
135
478
224
173
161
78
