1144
774
197
663
575
137
234
173
233
23
289
561
1672
200
700
755
637
675
588
225
161
18
31
299
291
1144
774
197
663
575
137
234
173
233
23
289
561
1672
200
700
755
637
675
588
225
161
18
31
299
291
1144
774
197
663
575
137
234
173
233
23
289
561
1672
200
700
755
637
675
588
225
161
18
31
299
291
1144
774
197
663
575
137
234
173
233
23
289
561
1672
200
700
755
637
675
588
225
161
18
31
299
291
1144
774
197
663
575
137
234
173
233
23
289
561
1672
200
700
755
637
675
588
225
161
18
31
299
291
1144
774
197
663
575
137
234
173
233
23
289
561
1672
200
700
755
637
675
588
225
161
18
31
299
291
1144
774
197
663
575
137
234
173
233
23
289
561
1672
200
700
755
637
675
588
225
161
18
31
299
291
1144
774
197
663
575
137
234
173
233
23
289
561
1672
200
700
755
637
675
588
225
161
18
31
299
291
1144
774
197
663
575
137
234
173
233
23
289
561
1672
200
700
755
637
675
588
225
161
18
31
299
291
1144
774
197
663
575
137
234
173
233
23
289
561
1672
200
700
755
637
675
588
225
161
18
31
299
291
1144
774
197
663
575
137
234
173
233
23
289
561
1672
200
700
755
637
675
588
225
161
18
31
299
291
1144
774
197
663
575
137
234
173
233
23
289
561
1672
200
700
755
637
675
588
225
161
18
31
299
291
1144
774
197
663
575
137
234
173
233
23
289
561
1672
200
700
755
637
675
588
225
161
18
31
299
291
1144
774
197
663
575
137
234
173
233
23
289
561
1672
200
700
755
637
675
588
225
161
18
31
299
291
1144
774
197
663
575
137
234
173
233
23
289
561
1672
200
700
755
637
675
588
225
161
18
31
299
291
1144
774
197
663
575
137
234
173
233
23
289
561
1672
200
700
755
637
675
588
225
161
18
31
299
291
1144
774
197
663
575
137
234
173
233
23
289
561
1672
200
700
755
637
675
588
225
161
18
31
299
291
1144
774
197
663
575
137
234
173
233
23
289
561
1672
200
700
755
637
675
588
225
161
18
31
299
291
1144
774
197
663
575
137
234
173
233
23
289
561
1672
200
700
755
637
675
588
225
161
18
31
299
291
1144
774
197
663
575
137
234
173
233
23
289
561
1672
200
700
755
637
675
588
225
161
18
31
299
291
1144
774
197
663
575
137
234
173
233
23
289
561
1672
200
700
755
637
675
588
225
161
18
31
299
291
1144
774
197
663
575
137
234
173
233
23
289
561
1672
200
700
755
637
675
588
225
161
18
31
299
291
1144
774
197
663
575
137
234
173
233
23
289
561
1672
200
700
755
637
675
588
225
161
18
31
299
291
1144
774
197
663
575
137
234
173
233
23
289
561
1672
200
700
755
637
675
588
225
161
18
31
299
291
1144
774
197
663
575
137
234
173
233
23
289
561
1672
200
700
755
637
675
588
225
161
18
31
299
291
1144
774
197
663
575
137
234
173
233
23
289
561
1672
200
700
755
637
675
588
225
161
18
31
299
291
1144
774
197
663
575
137
234
173
233
23
289
561
1672
200
700
755
637
675
588
225
161
18
31
299
291
1144
774
197
663
575
137
234
173
233
23
289
561
1672
200
700
755
637
675
588
225
161
18
31
299
291
1144
774
197
663
575
137
234
173
233
23
289
561
1672
200
700
755
637
675
588
225
161
18
31
299
291
1144
774
197
663
575
137
234
173
233
23
289
561
1672
200
700
755
637
675
588
225
161
18
31
299
291
1144
774
197
663
575
137
234
173
233
23
289
561
1672
200
700
755
637
675
588
225
161
18
31
299
291
1144
774
197
663
575
137
234
173
233
23
289
561
1672
200
700
755
637
675
588
225
161
18
31
299
291
1144
774
197
663
575
137
234
173
233
23
289
561
1672
200
700
755
637
675
588
225
161
18
31
299
291
1144
774
197
663
575
137
234
173
233
23
289
561
1672
200
700
755
637
675
588
225
161
18
31
299
291
1144
774
197
663
575
137
234
173
233
23
289
561
1672
200
700
755
637
675
588
225
161
18
31
299
291
1144
774
197
663
575
137
234
173
233
23
289
561
1672
200
700
755
637
675
588
225
161
18
31
299
291
1144
774
197
663
575
137
234
173
233
23
289
561
1672
200
700
755
637
675
588
225
161
18
31
299
291
1144
774
197
663
575
137
234
173
233
23
289
561
1672
200
700
755
637
675
588
225
161
18
31
299
291
1144
774
197
663
575
137
234
173
233
23
289
561
1672
200
700
755
637
675
588
225
161
18
31
299
291
1144
774
197
663
575
137
234
173
233
23
289
561
1672
200
700
755
637
675
588
225
161
18
31
299
291
1144
774
197
663
575
137
234
173
233
23
289
561
1672
200
700
755
637
675
588
225
161
18
31
299
291
1144
774
197
663
575
137
234
173
233
23
289
561
1672
200
700
755
637
675
588
225
161
18
31
299
291
1144
774
197
663
575
137
234
173
233
23
289
561
1672
200
700
755
637
675
588
225
161
18
31
299
291
1144
774
197
663
575
137
234
173
233
23
289
561
1672
200
700
755
637
675
588
225
161
18
31
299
291
1144
774
197
663
575
137
234
173
233
23
289
561
1672
200
700
755
637
675
588
225
161
18
31
299
291
1144
774
197
663
575
137
234
173
233
23
289
561
1672
200
700
755
637
675
588
225
161
18
31
299
291
1144
774
197
663
575
137
234
173
233
23
289
561
1672
200
700
755
637
675
588
225
161
18
31
299
291
1144
774
197
663
575
137
234
173
233
23
289
561
1672
200
700
755
637
675
588
225
161
18
31
299
291
1144
774
197
663
575
137
234
173
233
23
289
561
1672
200
700
755
637
675
588
225
161
18
31
299
291
1144
774
197
663
575
137
234
173
233
23
289
561
1672
200
700
755
637
675
588
225
161
18
31
299
291
