212
747
2294
1498
1872
2882
1631
856
794
1810
2058
2484
1818
1018
521
8
812
3474
1799
468
467
779
3626
1860
1831
487
485
484
483
3202
1849
1802
1827
472
857
1102
1008
827
923
805
212
747
2294
1498
1872
2882
1631
856
794
1810
2058
2484
1818
1018
521
8
812
3474
1799
468
467
779
3626
1860
1831
487
485
484
483
3202
1849
1802
1827
472
857
1102
1008
827
923
805
212
747
2294
1498
1872
2882
1631
856
794
1810
2058
2484
1818
1018
521
8
812
3474
1799
468
467
779
3626
1860
1831
487
485
484
483
3202
1849
1802
1827
472
857
1102
1008
827
923
805
212
747
2294
1498
1872
2882
1631
856
794
1810
2058
2484
1818
1018
521
8
812
3474
1799
468
467
779
3626
1860
1831
487
485
484
483
3202
1849
1802
1827
472
857
1102
1008
827
923
805
212
747
2294
1498
1872
2882
1631
856
794
1810
2058
2484
1818
1018
521
8
812
3474
1799
468
467
779
3626
1860
1831
487
485
484
483
3202
1849
1802
1827
472
857
1102
1008
827
923
805
212
747
2294
1498
1872
2882
1631
856
794
1810
2058
2484
1818
1018
521
8
812
3474
1799
468
467
779
3626
1860
1831
487
485
484
483
3202
1849
1802
1827
472
857
1102
1008
827
923
805
212
747
2294
1498
1872
2882
1631
856
794
1810
2058
2484
1818
1018
521
8
812
3474
1799
468
467
779
3626
1860
1831
487
485
484
483
3202
1849
1802
1827
472
857
1102
1008
827
923
805
212
747
2294
1498
1872
2882
1631
856
794
1810
2058
2484
1818
1018
521
8
812
3474
1799
468
467
779
3626
1860
1831
487
485
484
483
3202
1849
1802
1827
472
857
1102
1008
827
923
805
212
747
2294
1498
1872
2882
1631
856
794
1810
2058
2484
1818
1018
521
8
812
3474
1799
468
467
779
3626
1860
1831
487
485
484
483
3202
1849
1802
1827
472
857
1102
1008
827
923
805
212
747
2294
1498
1872
2882
1631
856
794
1810
2058
2484
1818
1018
521
8
812
3474
1799
468
467
779
3626
1860
1831
487
485
484
483
3202
1849
1802
1827
472
857
1102
1008
827
923
805
212
747
2294
1498
1872
2882
1631
856
794
1810
2058
2484
1818
1018
521
8
812
3474
1799
468
467
779
3626
1860
1831
487
485
484
483
3202
1849
1802
1827
472
857
1102
1008
827
923
805
212
747
2294
1498
1872
2882
1631
856
794
1810
2058
2484
1818
1018
521
8
812
3474
1799
468
467
779
3626
1860
1831
487
485
484
483
3202
1849
1802
1827
472
857
1102
1008
827
923
805
212
747
2294
1498
1872
2882
1631
856
794
1810
2058
2484
1818
1018
521
8
812
3474
1799
468
467
779
3626
1860
1831
487
485
484
483
3202
1849
1802
1827
472
857
1102
1008
827
923
805
212
747
2294
1498
1872
2882
1631
856
794
1810
2058
2484
1818
1018
521
8
812
3474
1799
468
467
779
3626
1860
1831
487
485
484
483
3202
1849
1802
1827
472
857
1102
1008
827
923
805
212
747
2294
1498
1872
2882
1631
856
794
1810
2058
2484
1818
1018
521
8
812
3474
1799
468
467
779
3626
1860
1831
487
485
484
483
3202
1849
1802
1827
472
857
1102
1008
827
923
805
212
747
2294
1498
1872
2882
1631
856
794
1810
2058
2484
1818
1018
521
8
812
3474
1799
468
467
779
3626
1860
1831
487
485
484
483
3202
1849
1802
1827
472
857
1102
1008
827
923
805
212
747
2294
1498
1872
2882
1631
856
794
1810
2058
2484
1818
1018
521
8
812
3474
1799
468
467
779
3626
1860
1831
487
485
484
483
3202
1849
1802
1827
472
857
1102
1008
827
923
805
212
747
2294
1498
1872
2882
1631
856
794
1810
2058
2484
1818
1018
521
8
812
3474
1799
468
467
779
3626
1860
1831
487
485
484
483
3202
1849
1802
1827
472
857
1102
1008
827
923
805
212
747
2294
1498
1872
2882
1631
856
794
1810
2058
2484
1818
1018
521
8
812
3474
1799
468
467
779
3626
1860
1831
487
485
484
483
3202
1849
1802
1827
472
857
1102
1008
827
923
805
212
747
2294
1498
1872
2882
1631
856
794
1810
2058
2484
1818
1018
521
8
812
3474
1799
468
467
779
3626
1860
1831
487
485
484
483
3202
1849
1802
1827
472
857
1102
1008
827
923
805
212
747
2294
1498
1872
2882
1631
856
794
1810
2058
2484
1818
1018
521
8
812
3474
1799
468
467
779
3626
1860
1831
487
485
484
483
3202
1849
1802
1827
472
857
1102
1008
827
923
805
212
747
2294
1498
1872
2882
1631
856
794
1810
2058
2484
1818
1018
521
8
812
3474
1799
468
467
779
3626
1860
1831
487
485
484
483
3202
1849
1802
1827
472
857
1102
1008
827
923
805
212
747
2294
1498
1872
2882
1631
856
794
1810
2058
2484
1818
1018
521
8
812
3474
1799
468
467
779
3626
1860
1831
487
485
484
483
3202
1849
1802
1827
472
857
1102
1008
827
923
805
212
747
2294
1498
1872
2882
1631
856
794
1810
2058
2484
1818
1018
521
8
812
3474
1799
468
467
779
3626
1860
1831
487
485
484
483
3202
1849
1802
1827
472
857
1102
1008
827
923
805
212
747
2294
1498
1872
2882
1631
856
794
1810
2058
2484
1818
1018
521
8
812
3474
1799
468
467
779
3626
1860
1831
487
485
484
483
3202
1849
1802
1827
472
857
1102
1008
827
923
805
212
747
2294
1498
1872
2882
1631
856
794
1810
2058
2484
1818
1018
521
8
812
3474
1799
468
467
779
3626
1860
1831
487
485
484
483
3202
1849
1802
1827
472
857
1102
1008
827
923
805
212
747
2294
1498
1872
2882
1631
856
794
1810
2058
2484
1818
1018
521
8
812
3474
1799
468
467
779
3626
1860
1831
487
485
484
483
3202
1849
1802
1827
472
857
1102
1008
827
923
805
212
747
2294
1498
1872
2882
1631
856
794
1810
2058
2484
1818
1018
521
8
812
3474
1799
468
467
779
3626
1860
1831
487
485
484
483
3202
1849
1802
1827
472
857
1102
1008
827
923
805
212
747
2294
1498
1872
2882
1631
856
794
1810
2058
2484
1818
1018
521
8
812
3474
1799
468
467
779
3626
1860
1831
487
485
484
483
3202
1849
1802
1827
472
857
1102
1008
827
923
805
212
747
2294
1498
1872
2882
1631
856
794
1810
2058
2484
1818
1018
521
8
812
3474
1799
468
467
779
3626
1860
1831
487
485
484
483
3202
1849
1802
1827
472
857
1102
1008
827
923
805
212
747
2294
1498
1872
2882
1631
856
794
1810
2058
2484
1818
1018
521
8
812
3474
1799
468
467
779
3626
1860
1831
487
485
484
483
3202
1849
1802
1827
472
857
1102
1008
827
923
805
212
747
2294
1498
1872
2882
1631
856
794
1810
2058
2484
1818
1018
521
8
812
3474
1799
468
467
779
3626
1860
1831
487
485
484
483
3202
1849
1802
1827
472
857
1102
1008
827
923
805
212
747
2294
1498
1872
2882
1631
856
794
1810
2058
2484
1818
1018
521
8
812
3474
1799
468
467
779
3626
1860
1831
487
485
484
483
3202
1849
1802
1827
472
857
1102
1008
827
923
805
212
747
2294
1498
1872
2882
1631
856
794
1810
2058
2484
1818
1018
521
8
812
3474
1799
468
467
779
3626
1860
1831
487
485
484
483
3202
1849
1802
1827
472
857
1102
1008
827
923
805
212
747
2294
1498
1872
2882
1631
856
794
1810
2058
2484
1818
1018
521
8
812
3474
1799
468
467
779
3626
1860
1831
487
485
484
483
3202
1849
1802
1827
472
857
1102
1008
827
923
805
212
747
2294
1498
1872
2882
1631
856
794
1810
2058
2484
1818
1018
521
8
812
3474
1799
468
467
779
3626
1860
1831
487
485
484
483
3202
1849
1802
1827
472
857
1102
1008
827
923
805
212
747
2294
1498
1872
2882
1631
856
794
1810
2058
2484
1818
1018
521
8
812
3474
1799
468
467
779
3626
1860
1831
487
485
484
483
3202
1849
1802
1827
472
857
1102
1008
827
923
805
212
747
2294
1498
1872
2882
1631
856
794
1810
2058
2484
1818
1018
521
8
812
3474
1799
468
467
779
3626
1860
1831
487
485
484
483
3202
1849
1802
1827
472
857
1102
1008
827
923
805
212
747
2294
1498
1872
2882
1631
856
794
1810
2058
2484
1818
1018
521
8
812
3474
1799
468
467
779
3626
1860
1831
487
485
484
483
3202
1849
1802
1827
472
857
1102
1008
827
923
805
212
747
2294
1498
1872
2882
1631
856
794
1810
2058
2484
1818
1018
521
8
812
3474
1799
468
467
779
3626
1860
1831
487
485
484
483
3202
1849
1802
1827
472
857
1102
1008
827
923
805
212
747
2294
1498
1872
2882
1631
856
794
1810
2058
2484
1818
1018
521
8
812
3474
1799
468
467
779
3626
1860
1831
487
485
484
483
3202
1849
1802
1827
472
857
1102
1008
827
923
805
212
747
2294
1498
1872
2882
1631
856
794
1810
2058
2484
1818
1018
521
8
812
3474
1799
468
467
779
3626
1860
1831
487
485
484
483
3202
1849
1802
1827
472
857
1102
1008
827
923
805
212
747
2294
1498
1872
2882
1631
856
794
1810
2058
2484
1818
1018
521
8
812
3474
1799
468
467
779
3626
1860
1831
487
485
484
483
3202
1849
1802
1827
472
857
1102
1008
827
923
805
212
747
2294
1498
1872
2882
1631
856
794
1810
2058
2484
1818
1018
521
8
812
3474
1799
468
467
779
3626
1860
1831
487
485
484
483
3202
1849
1802
1827
472
857
1102
1008
827
923
805
212
747
2294
1498
1872
2882
1631
856
794
1810
2058
2484
1818
1018
521
8
812
3474
1799
468
467
779
3626
1860
1831
487
485
484
483
3202
1849
1802
1827
472
857
1102
1008
827
923
805
212
747
2294
1498
1872
2882
1631
856
794
1810
2058
2484
1818
1018
521
8
812
3474
1799
468
467
779
3626
1860
1831
487
485
484
483
3202
1849
1802
1827
472
857
1102
1008
827
923
805
212
747
2294
1498
1872
2882
1631
856
794
1810
2058
2484
1818
1018
521
8
812
3474
1799
468
467
779
3626
1860
1831
487
485
484
483
3202
1849
1802
1827
472
857
1102
1008
827
923
805
212
747
2294
1498
1872
2882
1631
856
794
1810
2058
2484
1818
1018
521
8
812
3474
1799
468
467
779
3626
1860
1831
487
485
484
483
3202
1849
1802
1827
472
857
1102
1008
827
923
805
212
747
2294
1498
1872
2882
1631
856
794
1810
2058
2484
1818
1018
521
8
812
3474
1799
468
467
779
3626
1860
1831
487
485
484
483
3202
1849
1802
1827
472
857
1102
1008
827
923
805
212
747
2294
1498
1872
2882
1631
856
794
1810
2058
2484
1818
1018
521
8
812
3474
1799
468
467
779
3626
1860
1831
487
485
484
483
3202
1849
1802
1827
472
857
1102
1008
827
923
805
