10
107
185
108
98
21
145
59
53
57
21
248
145
135
185
53
98
56
108
13
145
248
98
185
56
13
10
108
57
135
107
108
98
10
13
248
57
53
145
21
135
185
145
59
10
49
248
57
107
13
56
108
49
57
107
98
10
53
135
59
59
135
107
98
21
53
57
145
56
248
135
107
59
98
56
185
248
49
21
57
21
145
49
185
248
56
13
59
135
53
49
98
59
185
10
135
145
21
13
53
56
57
21
49
185
59
108
98
10
13
53
57
135
56
49
21
107
13
145
10
98
49
145
108
107
13
53
185
135
248
13
21
57
145
56
107
135
10
53
108
108
98
248
145
13
185
56
21
53
10
145
56
59
108
135
248
98
53
107
49
248
49
56
10
21
108
107
53
135
185
145
56
135
185
57
49
10
21
248
59
57
13
53
59
248
56
145
10
185
49
57
108
107
59
49
98
53
10
185
21
107
53
13
185
98
108
10
56
145
49
13
59
135
248
10
98
56
21
53
57
57
98
135
145
185
21
49
59
10
13
21
107
49
53
145
248
98
59
57
135
98
13
56
21
135
49
10
107
248
53
98
185
57
10
21
59
13
56
135
53
56
248
107
108
185
21
145
98
53
57
57
21
59
10
248
98
185
49
145
53
107
108
10
21
56
98
53
135
57
13
53
98
57
13
248
56
135
185
59
145
13
98
53
21
185
145
248
49
57
108
56
13
53
57
145
59
107
98
248
21
49
59
108
248
53
145
21
57
107
185
248
107
13
145
59
49
185
53
108
56
57
145
53
98
248
107
135
56
13
21
13
248
107
59
56
21
185
57
53
108
57
185
53
13
98
135
56
59
10
21
56
13
185
10
248
59
53
57
145
135
248
98
135
13
53
10
56
59
145
185
49
108
145
57
135
107
98
13
56
59
49
59
107
98
145
135
248
185
10
21
107
108
21
10
53
13
248
185
57
56
57
53
56
49
59
107
21
10
108
135
57
53
98
13
21
248
10
59
145
56
10
56
135
57
145
21
49
53
59
185
248
98
13
145
53
57
10
185
49
108
185
49
98
248
56
145
107
135
21
53
59
108
21
10
185
57
49
98
135
248
10
107
21
248
59
145
13
56
53
98
10
53
13
108
59
21
185
49
57
98
