88
227
70
84
215
23
39
87
96
75
215
96
23
87
90
88
77
75
39
70
227
87
23
70
39
73
96
88
77
69
215
23
90
39
69
75
87
73
25
84
70
75
25
77
96
39
227
90
69
87
88
227
75
87
90
215
23
69
70
77
23
70
73
39
88
77
69
215
75
227
87
39
90
215
73
77
69
23
96
88
88
77
39
90
25
23
75
215
227
87
75
77
23
39
96
90
87
84
227
73
96
73
25
84
69
70
75
77
87
23
69
87
23
90
227
39
215
75
73
96
227
87
88
69
70
84
96
75
77
25
75
96
227
90
69
215
87
73
70
39
87
77
75
70
39
23
227
84
215
88
23
69
215
84
75
227
25
96
87
90
227
90
73
39
87
70
75
96
25
88
69
88
96
90
215
39
227
87
75
77
69
84
73
96
77
39
75
23
90
25
215
70
84
90
39
75
25
73
77
87
88
227
23
73
39
215
77
69
87
70
90
39
227
88
70
215
25
87
84
23
73
96
70
77
227
39
90
87
88
215
84
90
227
73
39
96
69
23
70
215
73
90
96
215
25
77
227
84
23
87
87
96
88
77
84
215
39
75
25
70
23
215
227
75
84
77
69
90
39
88
77
87
73
70
88
215
96
90
69
23
70
25
23
77
96
227
39
215
90
69
69
70
75
96
84
73
90
215
77
25
75
227
215
70
73
39
96
84
69
23
23
87
96
215
77
73
39
227
69
90
77
84
90
25
75
73
87
39
227
69
90
69
87
75
96
70
227
23
73
39
75
69
23
96
73
215
88
39
25
227
227
77
23
69
39
88
73
87
70
84
87
227
77
73
70
25
75
96
23
39
39
25
69
70
215
90
73
96
87
23
90
96
77
69
87
39
75
23
84
70
87
227
90
25
96
77
69
75
70
84
70
23
39
227
88
77
75
90
73
215
39
70
75
90
77
23
96
215
25
227
84
77
87
25
227
215
88
70
23
96
90
77
227
96
75
87
73
69
70
25
88
70
84
90
227
96
215
69
73
77
227
87
23
84
25
88
73
70
69
77
84
87
39
227
88
73
69
90
70
75
96
70
75
215
88
23
227
39
73
84
87
75
39
77
23
227
96
84
69
25
88
87
77
215
73
96
70
69
75
23
