73
214
91
58
217
93
215
97
104
37
214
165
104
73
62
27
1
97
91
58
27
93
91
234
97
214
37
1
215
165
37
27
104
1
91
217
93
215
234
165
1
91
37
217
234
214
165
73
97
27
234
62
217
27
104
73
165
214
37
58
104
58
27
37
93
165
73
215
91
217
97
58
1
214
27
104
73
37
91
93
215
1
214
58
104
165
62
97
27
37
214
73
217
97
91
62
215
234
104
58
58
91
97
93
37
62
165
234
73
215
93
97
165
1
214
104
217
234
37
215
62
234
58
1
37
214
93
165
104
97
234
97
104
1
217
73
58
91
165
27
62
97
234
37
1
104
73
215
91
165
97
58
104
1
37
215
73
165
234
62
73
165
62
104
97
27
1
215
91
214
93
91
27
214
215
104
234
37
97
62
73
215
91
214
58
104
1
165
62
27
27
37
1
215
97
165
104
58
62
91
91
1
62
73
165
104
214
37
27
97
234
215
214
73
97
217
58
37
93
104
93
37
58
97
62
165
234
215
73
217
165
62
217
27
215
91
93
37
97
104
58
91
27
234
104
62
1
215
214
217
234
58
73
214
215
37
1
62
97
165
104
62
73
93
37
215
27
234
217
214
215
104
217
1
93
37
73
91
165
62
104
97
62
234
93
165
217
27
1
58
215
91
93
217
37
165
97
62
214
234
104
91
234
215
27
165
214
37
73
217
217
62
215
104
214
73
234
58
93
91
97
165
58
1
93
37
73
27
104
217
1
91
27
62
214
217
215
73
234
97
93
73
104
214
37
215
234
91
58
1
62
97
214
27
234
215
1
58
217
73
27
37
234
97
104
217
58
62
214
73
234
104
97
37
62
214
27
73
93
1
214
62
165
234
1
37
27
91
58
73
215
27
91
58
217
1
37
62
73
97
91
214
104
73
217
97
27
58
1
37
91
62
234
1
104
97
215
214
93
217
97
91
104
165
234
62
1
37
217
93
37
214
104
27
73
165
58
217
1
93
215
37
1
214
217
73
104
62
97
165
215
91
27
1
165
234
97
93
104
214
215
234
97
62
217
1
104
27
93
165
27
217
37
58
104
97
93
234
91
62
234
58
91
214
37
215
93
62
217
97
62
93
27
97
37
58
215
214
165
104
