42
6
146
9
236
7
40
11
2
3
236
43
11
20
7
84
4
2
6
146
37
4
40
3
6
42
7
43
84
2
146
6
40
84
42
43
37
3
4
236
9
7
37
84
42
236
146
2
3
4
40
7
2
236
20
146
11
6
42
37
11
7
20
6
236
9
43
42
40
84
146
6
11
40
37
7
236
42
43
84
42
236
20
84
3
7
146
6
9
40
236
84
40
7
42
9
4
6
11
37
84
9
37
42
146
43
2
6
7
11
2
43
20
146
7
11
37
84
9
3
20
3
7
84
2
146
11
9
43
6
40
236
84
9
4
11
43
7
20
2
84
43
7
6
2
3
11
146
4
9
4
146
236
11
42
7
43
20
6
9
146
11
6
236
20
43
40
42
84
3
3
11
2
84
146
6
40
20
37
236
40
236
11
3
9
42
146
6
20
4
11
84
7
42
146
2
37
6
43
9
43
146
7
84
9
4
236
20
40
6
9
6
20
42
37
84
3
2
40
43
42
2
4
3
37
84
6
43
20
11
3
9
40
146
43
11
7
84
6
236
146
6
3
42
40
84
4
43
37
11
236
11
42
84
3
9
20
7
43
37
40
6
43
11
9
42
3
2
146
4
6
42
84
7
146
40
43
37
2
20
3
236
37
4
2
84
40
6
20
42
6
43
11
84
40
2
3
4
37
20
236
7
43
11
6
20
37
84
40
42
84
40
2
7
42
236
11
3
20
43
84
42
11
43
2
20
37
146
9
3
37
84
4
9
146
6
20
7
40
3
42
236
7
84
40
3
43
20
11
9
20
43
84
11
7
40
6
4
42
37
146
20
2
236
3
84
42
40
9
4
9
3
146
2
37
236
20
7
43
40
40
236
4
2
11
9
7
37
84
6
43
3
2
11
236
84
20
9
40
146
11
236
3
84
37
20
146
6
43
2
84
3
2
40
146
6
236
42
7
4
84
3
6
7
236
42
2
9
37
146
236
7
84
146
9
4
37
20
2
43
2
236
4
7
40
9
43
20
146
84
20
7
9
11
42
4
84
6
146
236
9
42
11
7
6
146
4
2
236
37
146
43
40
6
3
11
4
2
84
42
84
42
6
146
9
43
4
11
20
2
6
2
7
146
37
9
4
42
40
43
