17
8
2
13
10
17
8
2
50
10
2
17
50
9
13
9
2
13
17
10
9
8
50
17
13
9
17
13
50
2
13
50
8
2
10
10
13
50
9
17
17
9
2
10
50
2
17
13
9
8
10
2
9
50
17
50
9
8
13
17
50
8
13
10
9
9
2
17
8
10
9
17
50
13
2
9
8
17
2
13
50
2
13
17
9
2
50
9
13
10
13
50
17
8
9
10
8
2
9
17
50
2
17
9
13
9
2
17
8
13
9
2
8
13
50
8
9
2
50
13
10
8
50
9
2
8
17
13
50
2
17
2
50
8
13
17
50
8
10
9
8
10
17
2
13
2
17
50
13
8
17
2
9
10
8
17
13
50
9
2
13
50
8
9
10
17
8
2
9
50
9
8
2
10
13
10
2
8
9
13
2
8
13
17
50
13
10
17
2
9
50
2
17
9
13
9
13
17
2
8
10
13
2
8
50
17
13
10
2
8
13
10
50
2
17
17
13
50
8
2
10
50
8
13
2
17
50
10
9
8
10
17
2
8
9
8
2
17
10
13
13
9
17
50
2
2
8
10
50
17
