330
38
257
13
128
354
187
131
261
80
80
257
218
330
150
145
38
187
128
95
95
187
80
261
330
150
13
137
145
257
95
38
187
150
145
137
80
218
131
261
354
13
80
257
145
38
128
187
150
218
218
128
187
145
38
131
80
150
137
95
128
80
218
13
38
95
150
257
187
261
131
218
330
187
128
261
150
354
137
38
330
38
131
128
187
354
150
95
218
145
95
131
354
257
187
218
261
145
13
38
80
150
261
13
187
137
128
95
145
131
218
187
257
13
261
38
95
137
131
80
218
257
137
80
128
95
330
13
145
187
137
150
218
95
80
131
261
187
145
354
128
330
145
38
95
187
80
261
354
257
80
150
187
261
218
330
38
128
257
145
95
38
128
80
13
330
145
137
218
150
257
187
218
330
128
38
145
261
354
150
261
257
128
330
218
145
95
137
38
150
137
145
80
218
38
13
128
261
187
330
145
131
257
13
95
80
261
218
150
187
354
145
257
95
80
261
38
187
131
137
150
354
187
13
145
38
261
137
330
131
354
137
261
80
95
218
131
38
257
150
80
131
354
261
128
13
150
145
330
137
128
218
257
131
187
330
80
145
38
95
131
354
330
257
128
137
13
38
95
261
131
38
145
150
128
13
354
218
257
95
145
38
257
80
187
218
131
128
95
354
330
13
261
187
150
137
354
95
218
80
261
80
218
187
38
95
150
145
131
137
137
261
257
330
80
145
13
354
131
38
38
137
150
218
187
80
95
354
257
131
354
261
80
187
150
330
131
218
145
137
145
150
187
257
354
38
330
131
261
95
187
13
354
95
128
330
145
131
261
38
354
13
150
261
128
131
218
145
95
187
128
150
131
95
137
145
257
13
80
330
95
137
187
257
218
354
13
80
128
261
257
137
330
187
13
145
80
95
38
131
80
187
354
145
218
128
95
257
13
150
128
131
261
13
95
187
137
257
150
38
218
38
257
80
13
128
95
131
261
137
150
330
261
80
38
218
257
13
137
354
218
330
150
95
80
137
131
13
187
257
150
131
137
145
128
38
330
218
261
354
257
38
137
131
80
218
95
187
13
261
330
218
13
38
257
128
150
137
80
261
330
38
218
257
131
150
187
261
354
128
187
261
95
80
150
330
13
257
354
145
