3
39
170
40
4
8
61
144
106
7
3
39
170
40
4
8
61
144
106
7
3
39
170
40
4
8
61
144
106
7
3
39
170
40
4
8
61
144
106
7
3
39
170
40
4
8
61
144
106
7
3
39
170
40
4
8
61
144
106
7
3
39
170
40
4
8
61
144
106
7
3
39
170
40
4
8
61
144
106
7
3
39
170
40
4
8
61
144
106
7
3
39
170
40
4
8
61
144
106
7
3
39
170
40
4
8
61
144
106
7
3
39
170
40
4
8
61
144
106
7
3
39
170
40
4
8
61
144
106
7
3
39
170
40
4
8
61
144
106
7
3
39
170
40
4
8
61
144
106
7
3
39
170
40
4
8
61
144
106
7
3
39
170
40
4
8
61
144
106
7
3
39
170
40
4
8
61
144
106
7
3
39
170
40
4
8
61
144
106
7
3
39
170
40
4
8
61
144
106
7
3
39
170
40
4
8
61
144
106
7
3
39
170
40
4
8
61
144
106
7
3
39
170
40
4
8
61
144
106
7
3
39
170
40
4
8
61
144
106
7
3
39
170
40
4
8
61
144
106
7
3
39
170
40
4
8
61
144
106
7
3
39
170
40
4
8
61
144
106
7
3
39
170
40
4
8
61
144
106
7
3
39
170
40
4
8
61
144
106
7
3
39
170
40
4
8
61
144
106
7
3
39
170
40
4
8
61
144
106
7
3
39
170
40
4
8
61
144
106
7
3
39
170
40
4
8
61
144
106
7
3
39
170
40
4
8
61
144
106
7
3
39
170
40
4
8
61
144
106
7
3
39
170
40
4
8
61
144
106
7
3
39
170
40
4
8
61
144
106
7
3
39
170
40
4
8
61
144
106
7
3
39
170
40
4
8
61
144
106
7
3
39
170
40
4
8
61
144
106
7
3
39
170
40
4
8
61
144
106
7
3
39
170
40
4
8
61
144
106
7
3
39
170
40
4
8
61
144
106
7
3
39
170
40
4
8
61
144
106
7
3
39
170
40
4
8
61
144
106
7
3
39
170
40
4
8
61
144
106
7
3
39
170
40
4
8
61
144
106
7
3
39
170
40
4
8
61
144
106
7
3
39
170
40
4
8
61
144
106
7
3
39
170
40
4
8
61
144
106
7
