60
47
48
65
22
170
71
53
63
2
60
47
48
65
22
170
71
53
63
2
60
47
48
65
22
170
71
53
63
2
60
47
48
65
22
170
71
53
63
2
60
47
48
65
22
170
71
53
63
2
60
47
48
65
22
170
71
53
63
2
60
47
48
65
22
170
71
53
63
2
60
47
48
65
22
170
71
53
63
2
60
47
48
65
22
170
71
53
63
2
60
47
48
65
22
170
71
53
63
2
60
47
48
65
22
170
71
53
63
2
60
47
48
65
22
170
71
53
63
2
60
47
48
65
22
170
71
53
63
2
60
47
48
65
22
170
71
53
63
2
60
47
48
65
22
170
71
53
63
2
60
47
48
65
22
170
71
53
63
2
60
47
48
65
22
170
71
53
63
2
60
47
48
65
22
170
71
53
63
2
60
47
48
65
22
170
71
53
63
2
60
47
48
65
22
170
71
53
63
2
60
47
48
65
22
170
71
53
63
2
60
47
48
65
22
170
71
53
63
2
60
47
48
65
22
170
71
53
63
2
60
47
48
65
22
170
71
53
63
2
60
47
48
65
22
170
71
53
63
2
60
47
48
65
22
170
71
53
63
2
60
47
48
65
22
170
71
53
63
2
60
47
48
65
22
170
71
53
63
2
60
47
48
65
22
170
71
53
63
2
60
47
48
65
22
170
71
53
63
2
60
47
48
65
22
170
71
53
63
2
60
47
48
65
22
170
71
53
63
2
60
47
48
65
22
170
71
53
63
2
60
47
48
65
22
170
71
53
63
2
60
47
48
65
22
170
71
53
63
2
60
47
48
65
22
170
71
53
63
2
60
47
48
65
22
170
71
53
63
2
60
47
48
65
22
170
71
53
63
2
60
47
48
65
22
170
71
53
63
2
60
47
48
65
22
170
71
53
63
2
60
47
48
65
22
170
71
53
63
2
60
47
48
65
22
170
71
53
63
2
60
47
48
65
22
170
71
53
63
2
60
47
48
65
22
170
71
53
63
2
60
47
48
65
22
170
71
53
63
2
60
47
48
65
22
170
71
53
63
2
60
47
48
65
22
170
71
53
63
2
60
47
48
65
22
170
71
53
63
2
60
47
48
65
22
170
71
53
63
2
60
47
48
65
22
170
71
53
63
2
