111
38
74
1
87
204
73
112
28
15
111
38
74
1
87
204
73
112
28
15
111
38
74
1
87
204
73
112
28
15
111
38
74
1
87
204
73
112
28
15
111
38
74
1
87
204
73
112
28
15
111
38
74
1
87
204
73
112
28
15
111
38
74
1
87
204
73
112
28
15
111
38
74
1
87
204
73
112
28
15
111
38
74
1
87
204
73
112
28
15
111
38
74
1
87
204
73
112
28
15
111
38
74
1
87
204
73
112
28
15
111
38
74
1
87
204
73
112
28
15
111
38
74
1
87
204
73
112
28
15
111
38
74
1
87
204
73
112
28
15
111
38
74
1
87
204
73
112
28
15
111
38
74
1
87
204
73
112
28
15
111
38
74
1
87
204
73
112
28
15
111
38
74
1
87
204
73
112
28
15
111
38
74
1
87
204
73
112
28
15
111
38
74
1
87
204
73
112
28
15
111
38
74
1
87
204
73
112
28
15
111
38
74
1
87
204
73
112
28
15
111
38
74
1
87
204
73
112
28
15
111
38
74
1
87
204
73
112
28
15
111
38
74
1
87
204
73
112
28
15
111
38
74
1
87
204
73
112
28
15
111
38
74
1
87
204
73
112
28
15
111
38
74
1
87
204
73
112
28
15
111
38
74
1
87
204
73
112
28
15
111
38
74
1
87
204
73
112
28
15
111
38
74
1
87
204
73
112
28
15
111
38
74
1
87
204
73
112
28
15
111
38
74
1
87
204
73
112
28
15
111
38
74
1
87
204
73
112
28
15
111
38
74
1
87
204
73
112
28
15
111
38
74
1
87
204
73
112
28
15
111
38
74
1
87
204
73
112
28
15
111
38
74
1
87
204
73
112
28
15
111
38
74
1
87
204
73
112
28
15
111
38
74
1
87
204
73
112
28
15
111
38
74
1
87
204
73
112
28
15
111
38
74
1
87
204
73
112
28
15
111
38
74
1
87
204
73
112
28
15
111
38
74
1
87
204
73
112
28
15
111
38
74
1
87
204
73
112
28
15
111
38
74
1
87
204
73
112
28
15
111
38
74
1
87
204
73
112
28
15
111
38
74
1
87
204
73
112
28
15
111
38
74
1
87
204
73
112
28
15
111
38
74
1
87
204
73
112
28
15
