11
108
75
115
111
17
2
53
57
113
11
108
75
115
111
17
2
53
57
113
11
108
75
115
111
17
2
53
57
113
11
108
75
115
111
17
2
53
57
113
11
108
75
115
111
17
2
53
57
113
11
108
75
115
111
17
2
53
57
113
11
108
75
115
111
17
2
53
57
113
11
108
75
115
111
17
2
53
57
113
11
108
75
115
111
17
2
53
57
113
11
108
75
115
111
17
2
53
57
113
11
108
75
115
111
17
2
53
57
113
11
108
75
115
111
17
2
53
57
113
11
108
75
115
111
17
2
53
57
113
11
108
75
115
111
17
2
53
57
113
11
108
75
115
111
17
2
53
57
113
11
108
75
115
111
17
2
53
57
113
11
108
75
115
111
17
2
53
57
113
11
108
75
115
111
17
2
53
57
113
11
108
75
115
111
17
2
53
57
113
11
108
75
115
111
17
2
53
57
113
11
108
75
115
111
17
2
53
57
113
11
108
75
115
111
17
2
53
57
113
11
108
75
115
111
17
2
53
57
113
11
108
75
115
111
17
2
53
57
113
11
108
75
115
111
17
2
53
57
113
11
108
75
115
111
17
2
53
57
113
11
108
75
115
111
17
2
53
57
113
11
108
75
115
111
17
2
53
57
113
11
108
75
115
111
17
2
53
57
113
11
108
75
115
111
17
2
53
57
113
11
108
75
115
111
17
2
53
57
113
11
108
75
115
111
17
2
53
57
113
11
108
75
115
111
17
2
53
57
113
11
108
75
115
111
17
2
53
57
113
11
108
75
115
111
17
2
53
57
113
11
108
75
115
111
17
2
53
57
113
11
108
75
115
111
17
2
53
57
113
11
108
75
115
111
17
2
53
57
113
11
108
75
115
111
17
2
53
57
113
11
108
75
115
111
17
2
53
57
113
11
108
75
115
111
17
2
53
57
113
11
108
75
115
111
17
2
53
57
113
11
108
75
115
111
17
2
53
57
113
11
108
75
115
111
17
2
53
57
113
11
108
75
115
111
17
2
53
57
113
11
108
75
115
111
17
2
53
57
113
11
108
75
115
111
17
2
53
57
113
11
108
75
115
111
17
2
53
57
113
11
108
75
115
111
17
2
53
57
113
11
108
75
115
111
17
2
53
57
113
