23
148
163
55
139
6
109
145
2
22
23
148
163
55
139
6
109
145
2
22
23
148
163
55
139
6
109
145
2
22
23
148
163
55
139
6
109
145
2
22
23
148
163
55
139
6
109
145
2
22
23
148
163
55
139
6
109
145
2
22
23
148
163
55
139
6
109
145
2
22
23
148
163
55
139
6
109
145
2
22
23
148
163
55
139
6
109
145
2
22
23
148
163
55
139
6
109
145
2
22
23
148
163
55
139
6
109
145
2
22
23
148
163
55
139
6
109
145
2
22
23
148
163
55
139
6
109
145
2
22
23
148
163
55
139
6
109
145
2
22
23
148
163
55
139
6
109
145
2
22
23
148
163
55
139
6
109
145
2
22
23
148
163
55
139
6
109
145
2
22
23
148
163
55
139
6
109
145
2
22
23
148
163
55
139
6
109
145
2
22
23
148
163
55
139
6
109
145
2
22
23
148
163
55
139
6
109
145
2
22
23
148
163
55
139
6
109
145
2
22
23
148
163
55
139
6
109
145
2
22
23
148
163
55
139
6
109
145
2
22
23
148
163
55
139
6
109
145
2
22
23
148
163
55
139
6
109
145
2
22
23
148
163
55
139
6
109
145
2
22
23
148
163
55
139
6
109
145
2
22
23
148
163
55
139
6
109
145
2
22
23
148
163
55
139
6
109
145
2
22
23
148
163
55
139
6
109
145
2
22
23
148
163
55
139
6
109
145
2
22
23
148
163
55
139
6
109
145
2
22
23
148
163
55
139
6
109
145
2
22
23
148
163
55
139
6
109
145
2
22
23
148
163
55
139
6
109
145
2
22
23
148
163
55
139
6
109
145
2
22
23
148
163
55
139
6
109
145
2
22
23
148
163
55
139
6
109
145
2
22
23
148
163
55
139
6
109
145
2
22
23
148
163
55
139
6
109
145
2
22
23
148
163
55
139
6
109
145
2
22
23
148
163
55
139
6
109
145
2
22
23
148
163
55
139
6
109
145
2
22
23
148
163
55
139
6
109
145
2
22
23
148
163
55
139
6
109
145
2
22
23
148
163
55
139
6
109
145
2
22
23
148
163
55
139
6
109
145
2
22
23
148
163
55
139
6
109
145
2
22
23
148
163
55
139
6
109
145
2
22
