4
118
110
51
177
57
179
34
107
252
4
118
110
51
177
57
179
34
107
252
4
118
110
51
177
57
179
34
107
252
4
118
110
51
177
57
179
34
107
252
4
118
110
51
177
57
179
34
107
252
4
118
110
51
177
57
179
34
107
252
4
118
110
51
177
57
179
34
107
252
4
118
110
51
177
57
179
34
107
252
4
118
110
51
177
57
179
34
107
252
4
118
110
51
177
57
179
34
107
252
4
118
110
51
177
57
179
34
107
252
4
118
110
51
177
57
179
34
107
252
4
118
110
51
177
57
179
34
107
252
4
118
110
51
177
57
179
34
107
252
4
118
110
51
177
57
179
34
107
252
4
118
110
51
177
57
179
34
107
252
4
118
110
51
177
57
179
34
107
252
4
118
110
51
177
57
179
34
107
252
4
118
110
51
177
57
179
34
107
252
4
118
110
51
177
57
179
34
107
252
4
118
110
51
177
57
179
34
107
252
4
118
110
51
177
57
179
34
107
252
4
118
110
51
177
57
179
34
107
252
4
118
110
51
177
57
179
34
107
252
4
118
110
51
177
57
179
34
107
252
4
118
110
51
177
57
179
34
107
252
4
118
110
51
177
57
179
34
107
252
4
118
110
51
177
57
179
34
107
252
4
118
110
51
177
57
179
34
107
252
4
118
110
51
177
57
179
34
107
252
4
118
110
51
177
57
179
34
107
252
4
118
110
51
177
57
179
34
107
252
4
118
110
51
177
57
179
34
107
252
4
118
110
51
177
57
179
34
107
252
4
118
110
51
177
57
179
34
107
252
4
118
110
51
177
57
179
34
107
252
4
118
110
51
177
57
179
34
107
252
4
118
110
51
177
57
179
34
107
252
4
118
110
51
177
57
179
34
107
252
4
118
110
51
177
57
179
34
107
252
4
118
110
51
177
57
179
34
107
252
4
118
110
51
177
57
179
34
107
252
4
118
110
51
177
57
179
34
107
252
4
118
110
51
177
57
179
34
107
252
4
118
110
51
177
57
179
34
107
252
4
118
110
51
177
57
179
34
107
252
4
118
110
51
177
57
179
34
107
252
4
118
110
51
177
57
179
34
107
252
4
118
110
51
177
57
179
34
107
252
4
118
110
51
177
57
179
34
107
252
