122
7
44
106
18
30
53
60
82
66
122
7
44
106
18
30
53
60
82
66
122
7
44
106
18
30
53
60
82
66
122
7
44
106
18
30
53
60
82
66
122
7
44
106
18
30
53
60
82
66
122
7
44
106
18
30
53
60
82
66
122
7
44
106
18
30
53
60
82
66
122
7
44
106
18
30
53
60
82
66
122
7
44
106
18
30
53
60
82
66
122
7
44
106
18
30
53
60
82
66
122
7
44
106
18
30
53
60
82
66
122
7
44
106
18
30
53
60
82
66
122
7
44
106
18
30
53
60
82
66
122
7
44
106
18
30
53
60
82
66
122
7
44
106
18
30
53
60
82
66
122
7
44
106
18
30
53
60
82
66
122
7
44
106
18
30
53
60
82
66
122
7
44
106
18
30
53
60
82
66
122
7
44
106
18
30
53
60
82
66
122
7
44
106
18
30
53
60
82
66
122
7
44
106
18
30
53
60
82
66
122
7
44
106
18
30
53
60
82
66
122
7
44
106
18
30
53
60
82
66
122
7
44
106
18
30
53
60
82
66
122
7
44
106
18
30
53
60
82
66
122
7
44
106
18
30
53
60
82
66
122
7
44
106
18
30
53
60
82
66
122
7
44
106
18
30
53
60
82
66
122
7
44
106
18
30
53
60
82
66
122
7
44
106
18
30
53
60
82
66
122
7
44
106
18
30
53
60
82
66
122
7
44
106
18
30
53
60
82
66
122
7
44
106
18
30
53
60
82
66
122
7
44
106
18
30
53
60
82
66
122
7
44
106
18
30
53
60
82
66
122
7
44
106
18
30
53
60
82
66
122
7
44
106
18
30
53
60
82
66
122
7
44
106
18
30
53
60
82
66
122
7
44
106
18
30
53
60
82
66
122
7
44
106
18
30
53
60
82
66
122
7
44
106
18
30
53
60
82
66
122
7
44
106
18
30
53
60
82
66
122
7
44
106
18
30
53
60
82
66
122
7
44
106
18
30
53
60
82
66
122
7
44
106
18
30
53
60
82
66
122
7
44
106
18
30
53
60
82
66
122
7
44
106
18
30
53
60
82
66
122
7
44
106
18
30
53
60
82
66
122
7
44
106
18
30
53
60
82
66
122
7
44
106
18
30
53
60
82
66
