24
49
52
51
86
56
97
132
50
6
24
49
52
51
86
56
97
132
50
6
24
49
52
51
86
56
97
132
50
6
24
49
52
51
86
56
97
132
50
6
24
49
52
51
86
56
97
132
50
6
24
49
52
51
86
56
97
132
50
6
24
49
52
51
86
56
97
132
50
6
24
49
52
51
86
56
97
132
50
6
24
49
52
51
86
56
97
132
50
6
24
49
52
51
86
56
97
132
50
6
24
49
52
51
86
56
97
132
50
6
24
49
52
51
86
56
97
132
50
6
24
49
52
51
86
56
97
132
50
6
24
49
52
51
86
56
97
132
50
6
24
49
52
51
86
56
97
132
50
6
24
49
52
51
86
56
97
132
50
6
24
49
52
51
86
56
97
132
50
6
24
49
52
51
86
56
97
132
50
6
24
49
52
51
86
56
97
132
50
6
24
49
52
51
86
56
97
132
50
6
24
49
52
51
86
56
97
132
50
6
24
49
52
51
86
56
97
132
50
6
24
49
52
51
86
56
97
132
50
6
24
49
52
51
86
56
97
132
50
6
24
49
52
51
86
56
97
132
50
6
24
49
52
51
86
56
97
132
50
6
24
49
52
51
86
56
97
132
50
6
24
49
52
51
86
56
97
132
50
6
24
49
52
51
86
56
97
132
50
6
24
49
52
51
86
56
97
132
50
6
24
49
52
51
86
56
97
132
50
6
24
49
52
51
86
56
97
132
50
6
24
49
52
51
86
56
97
132
50
6
24
49
52
51
86
56
97
132
50
6
24
49
52
51
86
56
97
132
50
6
24
49
52
51
86
56
97
132
50
6
24
49
52
51
86
56
97
132
50
6
24
49
52
51
86
56
97
132
50
6
24
49
52
51
86
56
97
132
50
6
24
49
52
51
86
56
97
132
50
6
24
49
52
51
86
56
97
132
50
6
24
49
52
51
86
56
97
132
50
6
24
49
52
51
86
56
97
132
50
6
24
49
52
51
86
56
97
132
50
6
24
49
52
51
86
56
97
132
50
6
24
49
52
51
86
56
97
132
50
6
24
49
52
51
86
56
97
132
50
6
24
49
52
51
86
56
97
132
50
6
24
49
52
51
86
56
97
132
50
6
24
49
52
51
86
56
97
132
50
6
