40
93
59
1
80
2
286
245
201
159
40
93
59
1
80
2
286
245
201
159
40
93
59
1
80
2
286
245
201
159
40
93
59
1
80
2
286
245
201
159
40
93
59
1
80
2
286
245
201
159
40
93
59
1
80
2
286
245
201
159
40
93
59
1
80
2
286
245
201
159
40
93
59
1
80
2
286
245
201
159
40
93
59
1
80
2
286
245
201
159
40
93
59
1
80
2
286
245
201
159
40
93
59
1
80
2
286
245
201
159
40
93
59
1
80
2
286
245
201
159
40
93
59
1
80
2
286
245
201
159
40
93
59
1
80
2
286
245
201
159
40
93
59
1
80
2
286
245
201
159
40
93
59
1
80
2
286
245
201
159
40
93
59
1
80
2
286
245
201
159
40
93
59
1
80
2
286
245
201
159
40
93
59
1
80
2
286
245
201
159
40
93
59
1
80
2
286
245
201
159
40
93
59
1
80
2
286
245
201
159
40
93
59
1
80
2
286
245
201
159
40
93
59
1
80
2
286
245
201
159
40
93
59
1
80
2
286
245
201
159
40
93
59
1
80
2
286
245
201
159
40
93
59
1
80
2
286
245
201
159
40
93
59
1
80
2
286
245
201
159
40
93
59
1
80
2
286
245
201
159
40
93
59
1
80
2
286
245
201
159
40
93
59
1
80
2
286
245
201
159
40
93
59
1
80
2
286
245
201
159
40
93
59
1
80
2
286
245
201
159
40
93
59
1
80
2
286
245
201
159
40
93
59
1
80
2
286
245
201
159
40
93
59
1
80
2
286
245
201
159
40
93
59
1
80
2
286
245
201
159
40
93
59
1
80
2
286
245
201
159
40
93
59
1
80
2
286
245
201
159
40
93
59
1
80
2
286
245
201
159
40
93
59
1
80
2
286
245
201
159
40
93
59
1
80
2
286
245
201
159
40
93
59
1
80
2
286
245
201
159
40
93
59
1
80
2
286
245
201
159
40
93
59
1
80
2
286
245
201
159
40
93
59
1
80
2
286
245
201
159
40
93
59
1
80
2
286
245
201
159
40
93
59
1
80
2
286
245
201
159
40
93
59
1
80
2
286
245
201
159
40
93
59
1
80
2
286
245
201
159
40
93
59
1
80
2
286
245
201
159
