18
30
25
23
2
18
30
25
23
2
18
30
25
23
2
18
30
25
23
2
18
30
25
23
2
18
30
25
23
2
18
30
25
23
2
18
30
25
23
2
18
30
25
23
2
18
30
25
23
2
18
30
25
23
2
18
30
25
23
2
18
30
25
23
2
18
30
25
23
2
18
30
25
23
2
18
30
25
23
2
18
30
25
23
2
18
30
25
23
2
18
30
25
23
2
18
30
25
23
2
18
30
25
23
2
18
30
25
23
2
18
30
25
23
2
18
30
25
23
2
18
30
25
23
2
18
30
25
23
2
18
30
25
23
2
18
30
25
23
2
18
30
25
23
2
18
30
25
23
2
18
30
25
23
2
18
30
25
23
2
18
30
25
23
2
18
30
25
23
2
18
30
25
23
2
18
30
25
23
2
18
30
25
23
2
18
30
25
23
2
18
30
25
23
2
18
30
25
23
2
18
30
25
23
2
18
30
25
23
2
18
30
25
23
2
18
30
25
23
2
18
30
25
23
2
18
30
25
23
2
18
30
25
23
2
18
30
25
23
2
18
30
25
23
2
18
30
25
23
2
