15
11
23
9
35
15
11
23
9
35
15
11
23
9
35
15
11
23
9
35
15
11
23
9
35
15
11
23
9
35
15
11
23
9
35
15
11
23
9
35
15
11
23
9
35
15
11
23
9
35
15
11
23
9
35
15
11
23
9
35
15
11
23
9
35
15
11
23
9
35
15
11
23
9
35
15
11
23
9
35
15
11
23
9
35
15
11
23
9
35
15
11
23
9
35
15
11
23
9
35
15
11
23
9
35
15
11
23
9
35
15
11
23
9
35
15
11
23
9
35
15
11
23
9
35
15
11
23
9
35
15
11
23
9
35
15
11
23
9
35
15
11
23
9
35
15
11
23
9
35
15
11
23
9
35
15
11
23
9
35
15
11
23
9
35
15
11
23
9
35
15
11
23
9
35
15
11
23
9
35
15
11
23
9
35
15
11
23
9
35
15
11
23
9
35
15
11
23
9
35
15
11
23
9
35
15
11
23
9
35
15
11
23
9
35
15
11
23
9
35
15
11
23
9
35
15
11
23
9
35
15
11
23
9
35
15
11
23
9
35
15
11
23
9
35
15
11
23
9
35
