12
16
67
119
123
1
57
4
101
147
12
16
67
119
123
1
57
4
101
147
12
16
67
119
123
1
57
4
101
147
12
16
67
119
123
1
57
4
101
147
12
16
67
119
123
1
57
4
101
147
12
16
67
119
123
1
57
4
101
147
12
16
67
119
123
1
57
4
101
147
12
16
67
119
123
1
57
4
101
147
12
16
67
119
123
1
57
4
101
147
12
16
67
119
123
1
57
4
101
147
12
16
67
119
123
1
57
4
101
147
12
16
67
119
123
1
57
4
101
147
12
16
67
119
123
1
57
4
101
147
12
16
67
119
123
1
57
4
101
147
12
16
67
119
123
1
57
4
101
147
12
16
67
119
123
1
57
4
101
147
12
16
67
119
123
1
57
4
101
147
12
16
67
119
123
1
57
4
101
147
12
16
67
119
123
1
57
4
101
147
12
16
67
119
123
1
57
4
101
147
12
16
67
119
123
1
57
4
101
147
12
16
67
119
123
1
57
4
101
147
12
16
67
119
123
1
57
4
101
147
12
16
67
119
123
1
57
4
101
147
12
16
67
119
123
1
57
4
101
147
12
16
67
119
123
1
57
4
101
147
12
16
67
119
123
1
57
4
101
147
12
16
67
119
123
1
57
4
101
147
12
16
67
119
123
1
57
4
101
147
12
16
67
119
123
1
57
4
101
147
12
16
67
119
123
1
57
4
101
147
12
16
67
119
123
1
57
4
101
147
12
16
67
119
123
1
57
4
101
147
12
16
67
119
123
1
57
4
101
147
12
16
67
119
123
1
57
4
101
147
12
16
67
119
123
1
57
4
101
147
12
16
67
119
123
1
57
4
101
147
12
16
67
119
123
1
57
4
101
147
12
16
67
119
123
1
57
4
101
147
12
16
67
119
123
1
57
4
101
147
12
16
67
119
123
1
57
4
101
147
12
16
67
119
123
1
57
4
101
147
12
16
67
119
123
1
57
4
101
147
12
16
67
119
123
1
57
4
101
147
12
16
67
119
123
1
57
4
101
147
12
16
67
119
123
1
57
4
101
147
12
16
67
119
123
1
57
4
101
147
12
16
67
119
123
1
57
4
101
147
12
16
67
119
123
1
57
4
101
147
12
16
67
119
123
1
57
4
101
147
