79
46
82
128
111
116
148
84
57
109
79
46
82
128
111
116
148
84
57
109
79
46
82
128
111
116
148
84
57
109
79
46
82
128
111
116
148
84
57
109
79
46
82
128
111
116
148
84
57
109
79
46
82
128
111
116
148
84
57
109
79
46
82
128
111
116
148
84
57
109
79
46
82
128
111
116
148
84
57
109
79
46
82
128
111
116
148
84
57
109
79
46
82
128
111
116
148
84
57
109
79
46
82
128
111
116
148
84
57
109
79
46
82
128
111
116
148
84
57
109
79
46
82
128
111
116
148
84
57
109
79
46
82
128
111
116
148
84
57
109
79
46
82
128
111
116
148
84
57
109
79
46
82
128
111
116
148
84
57
109
79
46
82
128
111
116
148
84
57
109
79
46
82
128
111
116
148
84
57
109
79
46
82
128
111
116
148
84
57
109
79
46
82
128
111
116
148
84
57
109
79
46
82
128
111
116
148
84
57
109
79
46
82
128
111
116
148
84
57
109
79
46
82
128
111
116
148
84
57
109
79
46
82
128
111
116
148
84
57
109
79
46
82
128
111
116
148
84
57
109
79
46
82
128
111
116
148
84
57
109
79
46
82
128
111
116
148
84
57
109
79
46
82
128
111
116
148
84
57
109
79
46
82
128
111
116
148
84
57
109
79
46
82
128
111
116
148
84
57
109
79
46
82
128
111
116
148
84
57
109
79
46
82
128
111
116
148
84
57
109
79
46
82
128
111
116
148
84
57
109
79
46
82
128
111
116
148
84
57
109
79
46
82
128
111
116
148
84
57
109
79
46
82
128
111
116
148
84
57
109
79
46
82
128
111
116
148
84
57
109
79
46
82
128
111
116
148
84
57
109
79
46
82
128
111
116
148
84
57
109
79
46
82
128
111
116
148
84
57
109
79
46
82
128
111
116
148
84
57
109
79
46
82
128
111
116
148
84
57
109
79
46
82
128
111
116
148
84
57
109
79
46
82
128
111
116
148
84
57
109
79
46
82
128
111
116
148
84
57
109
79
46
82
128
111
116
148
84
57
109
79
46
82
128
111
116
148
84
57
109
79
46
82
128
111
116
148
84
57
109
79
46
82
128
111
116
148
84
57
109
79
46
82
128
111
116
148
84
57
109
