17
58
50
8
52
18
77
121
85
119
17
58
50
8
52
18
77
121
85
119
17
58
50
8
52
18
77
121
85
119
17
58
50
8
52
18
77
121
85
119
17
58
50
8
52
18
77
121
85
119
17
58
50
8
52
18
77
121
85
119
17
58
50
8
52
18
77
121
85
119
17
58
50
8
52
18
77
121
85
119
17
58
50
8
52
18
77
121
85
119
17
58
50
8
52
18
77
121
85
119
17
58
50
8
52
18
77
121
85
119
17
58
50
8
52
18
77
121
85
119
17
58
50
8
52
18
77
121
85
119
17
58
50
8
52
18
77
121
85
119
17
58
50
8
52
18
77
121
85
119
17
58
50
8
52
18
77
121
85
119
17
58
50
8
52
18
77
121
85
119
17
58
50
8
52
18
77
121
85
119
17
58
50
8
52
18
77
121
85
119
17
58
50
8
52
18
77
121
85
119
17
58
50
8
52
18
77
121
85
119
17
58
50
8
52
18
77
121
85
119
17
58
50
8
52
18
77
121
85
119
17
58
50
8
52
18
77
121
85
119
17
58
50
8
52
18
77
121
85
119
17
58
50
8
52
18
77
121
85
119
17
58
50
8
52
18
77
121
85
119
17
58
50
8
52
18
77
121
85
119
17
58
50
8
52
18
77
121
85
119
17
58
50
8
52
18
77
121
85
119
17
58
50
8
52
18
77
121
85
119
17
58
50
8
52
18
77
121
85
119
17
58
50
8
52
18
77
121
85
119
17
58
50
8
52
18
77
121
85
119
17
58
50
8
52
18
77
121
85
119
17
58
50
8
52
18
77
121
85
119
17
58
50
8
52
18
77
121
85
119
17
58
50
8
52
18
77
121
85
119
17
58
50
8
52
18
77
121
85
119
17
58
50
8
52
18
77
121
85
119
17
58
50
8
52
18
77
121
85
119
17
58
50
8
52
18
77
121
85
119
17
58
50
8
52
18
77
121
85
119
17
58
50
8
52
18
77
121
85
119
17
58
50
8
52
18
77
121
85
119
17
58
50
8
52
18
77
121
85
119
17
58
50
8
52
18
77
121
85
119
17
58
50
8
52
18
77
121
85
119
17
58
50
8
52
18
77
121
85
119
17
58
50
8
52
18
77
121
85
119
