107
1
43
33
21
107
1
43
33
21
107
1
43
33
21
107
1
43
33
21
107
1
43
33
21
107
1
43
33
21
107
1
43
33
21
107
1
43
33
21
107
1
43
33
21
107
1
43
33
21
107
1
43
33
21
107
1
43
33
21
107
1
43
33
21
107
1
43
33
21
107
1
43
33
21
107
1
43
33
21
107
1
43
33
21
107
1
43
33
21
107
1
43
33
21
107
1
43
33
21
107
1
43
33
21
107
1
43
33
21
107
1
43
33
21
107
1
43
33
21
107
1
43
33
21
107
1
43
33
21
107
1
43
33
21
107
1
43
33
21
107
1
43
33
21
107
1
43
33
21
107
1
43
33
21
107
1
43
33
21
107
1
43
33
21
107
1
43
33
21
107
1
43
33
21
107
1
43
33
21
107
1
43
33
21
107
1
43
33
21
107
1
43
33
21
107
1
43
33
21
107
1
43
33
21
107
1
43
33
21
107
1
43
33
21
107
1
43
33
21
107
1
43
33
21
107
1
43
33
21
107
1
43
33
21
107
1
43
33
21
107
1
43
33
21
107
1
43
33
21
