2
3
60
42
1
2
3
60
42
1
2
3
60
42
1
2
3
60
42
1
2
3
60
42
1
2
3
60
42
1
2
3
60
42
1
2
3
60
42
1
2
3
60
42
1
2
3
60
42
1
2
3
60
42
1
2
3
60
42
1
2
3
60
42
1
2
3
60
42
1
2
3
60
42
1
2
3
60
42
1
2
3
60
42
1
2
3
60
42
1
2
3
60
42
1
2
3
60
42
1
2
3
60
42
1
2
3
60
42
1
2
3
60
42
1
2
3
60
42
1
2
3
60
42
1
2
3
60
42
1
2
3
60
42
1
2
3
60
42
1
2
3
60
42
1
2
3
60
42
1
2
3
60
42
1
2
3
60
42
1
2
3
60
42
1
2
3
60
42
1
2
3
60
42
1
2
3
60
42
1
2
3
60
42
1
2
3
60
42
1
2
3
60
42
1
2
3
60
42
1
2
3
60
42
1
2
3
60
42
1
2
3
60
42
1
2
3
60
42
1
2
3
60
42
1
2
3
60
42
1
2
3
60
42
1
2
3
60
42
1
2
3
60
42
1
2
3
60
42
1
