25
9
21
28
115
76
181
2
91
83
25
9
21
28
115
76
181
2
91
83
25
9
21
28
115
76
181
2
91
83
25
9
21
28
115
76
181
2
91
83
25
9
21
28
115
76
181
2
91
83
25
9
21
28
115
76
181
2
91
83
25
9
21
28
115
76
181
2
91
83
25
9
21
28
115
76
181
2
91
83
25
9
21
28
115
76
181
2
91
83
25
9
21
28
115
76
181
2
91
83
25
9
21
28
115
76
181
2
91
83
25
9
21
28
115
76
181
2
91
83
25
9
21
28
115
76
181
2
91
83
25
9
21
28
115
76
181
2
91
83
25
9
21
28
115
76
181
2
91
83
25
9
21
28
115
76
181
2
91
83
25
9
21
28
115
76
181
2
91
83
25
9
21
28
115
76
181
2
91
83
25
9
21
28
115
76
181
2
91
83
25
9
21
28
115
76
181
2
91
83
25
9
21
28
115
76
181
2
91
83
25
9
21
28
115
76
181
2
91
83
25
9
21
28
115
76
181
2
91
83
25
9
21
28
115
76
181
2
91
83
25
9
21
28
115
76
181
2
91
83
25
9
21
28
115
76
181
2
91
83
25
9
21
28
115
76
181
2
91
83
25
9
21
28
115
76
181
2
91
83
25
9
21
28
115
76
181
2
91
83
25
9
21
28
115
76
181
2
91
83
25
9
21
28
115
76
181
2
91
83
25
9
21
28
115
76
181
2
91
83
25
9
21
28
115
76
181
2
91
83
25
9
21
28
115
76
181
2
91
83
25
9
21
28
115
76
181
2
91
83
25
9
21
28
115
76
181
2
91
83
25
9
21
28
115
76
181
2
91
83
25
9
21
28
115
76
181
2
91
83
25
9
21
28
115
76
181
2
91
83
25
9
21
28
115
76
181
2
91
83
25
9
21
28
115
76
181
2
91
83
25
9
21
28
115
76
181
2
91
83
25
9
21
28
115
76
181
2
91
83
25
9
21
28
115
76
181
2
91
83
25
9
21
28
115
76
181
2
91
83
25
9
21
28
115
76
181
2
91
83
25
9
21
28
115
76
181
2
91
83
25
9
21
28
115
76
181
2
91
83
25
9
21
28
115
76
181
2
91
83
25
9
21
28
115
76
181
2
91
83
