13
59
31
107
128
252
90
174
119
172
13
59
31
107
128
252
90
174
119
172
13
59
31
107
128
252
90
174
119
172
13
59
31
107
128
252
90
174
119
172
13
59
31
107
128
252
90
174
119
172
13
59
31
107
128
252
90
174
119
172
13
59
31
107
128
252
90
174
119
172
13
59
31
107
128
252
90
174
119
172
13
59
31
107
128
252
90
174
119
172
13
59
31
107
128
252
90
174
119
172
13
59
31
107
128
252
90
174
119
172
13
59
31
107
128
252
90
174
119
172
13
59
31
107
128
252
90
174
119
172
13
59
31
107
128
252
90
174
119
172
13
59
31
107
128
252
90
174
119
172
13
59
31
107
128
252
90
174
119
172
13
59
31
107
128
252
90
174
119
172
13
59
31
107
128
252
90
174
119
172
13
59
31
107
128
252
90
174
119
172
13
59
31
107
128
252
90
174
119
172
13
59
31
107
128
252
90
174
119
172
13
59
31
107
128
252
90
174
119
172
13
59
31
107
128
252
90
174
119
172
13
59
31
107
128
252
90
174
119
172
13
59
31
107
128
252
90
174
119
172
13
59
31
107
128
252
90
174
119
172
13
59
31
107
128
252
90
174
119
172
13
59
31
107
128
252
90
174
119
172
13
59
31
107
128
252
90
174
119
172
13
59
31
107
128
252
90
174
119
172
13
59
31
107
128
252
90
174
119
172
13
59
31
107
128
252
90
174
119
172
13
59
31
107
128
252
90
174
119
172
13
59
31
107
128
252
90
174
119
172
13
59
31
107
128
252
90
174
119
172
13
59
31
107
128
252
90
174
119
172
13
59
31
107
128
252
90
174
119
172
13
59
31
107
128
252
90
174
119
172
13
59
31
107
128
252
90
174
119
172
13
59
31
107
128
252
90
174
119
172
13
59
31
107
128
252
90
174
119
172
13
59
31
107
128
252
90
174
119
172
13
59
31
107
128
252
90
174
119
172
13
59
31
107
128
252
90
174
119
172
13
59
31
107
128
252
90
174
119
172
13
59
31
107
128
252
90
174
119
172
13
59
31
107
128
252
90
174
119
172
13
59
31
107
128
252
90
174
119
172
13
59
31
107
128
252
90
174
119
172
13
59
31
107
128
252
90
174
119
172
