26
58
208
56
28
219
67
139
95
97
26
58
208
56
28
219
67
139
95
97
26
58
208
56
28
219
67
139
95
97
26
58
208
56
28
219
67
139
95
97
26
58
208
56
28
219
67
139
95
97
26
58
208
56
28
219
67
139
95
97
26
58
208
56
28
219
67
139
95
97
26
58
208
56
28
219
67
139
95
97
26
58
208
56
28
219
67
139
95
97
26
58
208
56
28
219
67
139
95
97
26
58
208
56
28
219
67
139
95
97
26
58
208
56
28
219
67
139
95
97
26
58
208
56
28
219
67
139
95
97
26
58
208
56
28
219
67
139
95
97
26
58
208
56
28
219
67
139
95
97
26
58
208
56
28
219
67
139
95
97
26
58
208
56
28
219
67
139
95
97
26
58
208
56
28
219
67
139
95
97
26
58
208
56
28
219
67
139
95
97
26
58
208
56
28
219
67
139
95
97
26
58
208
56
28
219
67
139
95
97
26
58
208
56
28
219
67
139
95
97
26
58
208
56
28
219
67
139
95
97
26
58
208
56
28
219
67
139
95
97
26
58
208
56
28
219
67
139
95
97
26
58
208
56
28
219
67
139
95
97
26
58
208
56
28
219
67
139
95
97
26
58
208
56
28
219
67
139
95
97
26
58
208
56
28
219
67
139
95
97
26
58
208
56
28
219
67
139
95
97
26
58
208
56
28
219
67
139
95
97
26
58
208
56
28
219
67
139
95
97
26
58
208
56
28
219
67
139
95
97
26
58
208
56
28
219
67
139
95
97
26
58
208
56
28
219
67
139
95
97
26
58
208
56
28
219
67
139
95
97
26
58
208
56
28
219
67
139
95
97
26
58
208
56
28
219
67
139
95
97
26
58
208
56
28
219
67
139
95
97
26
58
208
56
28
219
67
139
95
97
26
58
208
56
28
219
67
139
95
97
26
58
208
56
28
219
67
139
95
97
26
58
208
56
28
219
67
139
95
97
26
58
208
56
28
219
67
139
95
97
26
58
208
56
28
219
67
139
95
97
26
58
208
56
28
219
67
139
95
97
26
58
208
56
28
219
67
139
95
97
26
58
208
56
28
219
67
139
95
97
26
58
208
56
28
219
67
139
95
97
26
58
208
56
28
219
67
139
95
97
