10
26
23
2
7
10
26
23
2
7
10
26
23
2
7
10
26
23
2
7
10
26
23
2
7
10
26
23
2
7
10
26
23
2
7
10
26
23
2
7
10
26
23
2
7
10
26
23
2
7
10
26
23
2
7
10
26
23
2
7
10
26
23
2
7
10
26
23
2
7
10
26
23
2
7
10
26
23
2
7
10
26
23
2
7
10
26
23
2
7
10
26
23
2
7
10
26
23
2
7
10
26
23
2
7
10
26
23
2
7
10
26
23
2
7
10
26
23
2
7
10
26
23
2
7
10
26
23
2
7
10
26
23
2
7
10
26
23
2
7
10
26
23
2
7
10
26
23
2
7
10
26
23
2
7
10
26
23
2
7
10
26
23
2
7
10
26
23
2
7
10
26
23
2
7
10
26
23
2
7
10
26
23
2
7
10
26
23
2
7
10
26
23
2
7
10
26
23
2
7
10
26
23
2
7
10
26
23
2
7
10
26
23
2
7
10
26
23
2
7
10
26
23
2
7
10
26
23
2
7
10
26
23
2
7
10
26
23
2
7
10
26
23
2
7
10
26
23
2
7
