45
36
3
2
6
45
36
3
2
6
45
36
3
2
6
45
36
3
2
6
45
36
3
2
6
45
36
3
2
6
45
36
3
2
6
45
36
3
2
6
45
36
3
2
6
45
36
3
2
6
45
36
3
2
6
45
36
3
2
6
45
36
3
2
6
45
36
3
2
6
45
36
3
2
6
45
36
3
2
6
45
36
3
2
6
45
36
3
2
6
45
36
3
2
6
45
36
3
2
6
45
36
3
2
6
45
36
3
2
6
45
36
3
2
6
45
36
3
2
6
45
36
3
2
6
45
36
3
2
6
45
36
3
2
6
45
36
3
2
6
45
36
3
2
6
45
36
3
2
6
45
36
3
2
6
45
36
3
2
6
45
36
3
2
6
45
36
3
2
6
45
36
3
2
6
45
36
3
2
6
45
36
3
2
6
45
36
3
2
6
45
36
3
2
6
45
36
3
2
6
45
36
3
2
6
45
36
3
2
6
45
36
3
2
6
45
36
3
2
6
45
36
3
2
6
45
36
3
2
6
45
36
3
2
6
45
36
3
2
6
45
36
3
2
6
45
36
3
2
6
