86
43
60
76
88
70
82
83
95
79
86
43
60
76
88
70
82
83
95
79
86
43
60
76
88
70
82
83
95
79
86
43
60
76
88
70
82
83
95
79
86
43
60
76
88
70
82
83
95
79
86
43
60
76
88
70
82
83
95
79
86
43
60
76
88
70
82
83
95
79
86
43
60
76
88
70
82
83
95
79
86
43
60
76
88
70
82
83
95
79
86
43
60
76
88
70
82
83
95
79
86
43
60
76
88
70
82
83
95
79
86
43
60
76
88
70
82
83
95
79
86
43
60
76
88
70
82
83
95
79
86
43
60
76
88
70
82
83
95
79
86
43
60
76
88
70
82
83
95
79
86
43
60
76
88
70
82
83
95
79
86
43
60
76
88
70
82
83
95
79
86
43
60
76
88
70
82
83
95
79
86
43
60
76
88
70
82
83
95
79
86
43
60
76
88
70
82
83
95
79
86
43
60
76
88
70
82
83
95
79
86
43
60
76
88
70
82
83
95
79
86
43
60
76
88
70
82
83
95
79
86
43
60
76
88
70
82
83
95
79
86
43
60
76
88
70
82
83
95
79
86
43
60
76
88
70
82
83
95
79
86
43
60
76
88
70
82
83
95
79
86
43
60
76
88
70
82
83
95
79
86
43
60
76
88
70
82
83
95
79
86
43
60
76
88
70
82
83
95
79
86
43
60
76
88
70
82
83
95
79
86
43
60
76
88
70
82
83
95
79
86
43
60
76
88
70
82
83
95
79
86
43
60
76
88
70
82
83
95
79
86
43
60
76
88
70
82
83
95
79
86
43
60
76
88
70
82
83
95
79
86
43
60
76
88
70
82
83
95
79
86
43
60
76
88
70
82
83
95
79
86
43
60
76
88
70
82
83
95
79
86
43
60
76
88
70
82
83
95
79
86
43
60
76
88
70
82
83
95
79
86
43
60
76
88
70
82
83
95
79
86
43
60
76
88
70
82
83
95
79
86
43
60
76
88
70
82
83
95
79
86
43
60
76
88
70
82
83
95
79
86
43
60
76
88
70
82
83
95
79
86
43
60
76
88
70
82
83
95
79
86
43
60
76
88
70
82
83
95
79
86
43
60
76
88
70
82
83
95
79
86
43
60
76
88
70
82
83
95
79
