11
47
45
1
98
11
47
45
1
98
11
47
45
1
98
11
47
45
1
98
11
47
45
1
98
11
47
45
1
98
11
47
45
1
98
11
47
45
1
98
11
47
45
1
98
11
47
45
1
98
11
47
45
1
98
11
47
45
1
98
11
47
45
1
98
11
47
45
1
98
11
47
45
1
98
11
47
45
1
98
11
47
45
1
98
11
47
45
1
98
11
47
45
1
98
11
47
45
1
98
11
47
45
1
98
11
47
45
1
98
11
47
45
1
98
11
47
45
1
98
11
47
45
1
98
11
47
45
1
98
11
47
45
1
98
11
47
45
1
98
11
47
45
1
98
11
47
45
1
98
11
47
45
1
98
11
47
45
1
98
11
47
45
1
98
11
47
45
1
98
11
47
45
1
98
11
47
45
1
98
11
47
45
1
98
11
47
45
1
98
11
47
45
1
98
11
47
45
1
98
11
47
45
1
98
11
47
45
1
98
11
47
45
1
98
11
47
45
1
98
11
47
45
1
98
11
47
45
1
98
11
47
45
1
98
11
47
45
1
98
11
47
45
1
98
11
47
45
1
98
