24
10
21
2
68
24
10
21
2
68
24
10
21
2
68
24
10
21
2
68
24
10
21
2
68
24
10
21
2
68
24
10
21
2
68
24
10
21
2
68
24
10
21
2
68
24
10
21
2
68
24
10
21
2
68
24
10
21
2
68
24
10
21
2
68
24
10
21
2
68
24
10
21
2
68
24
10
21
2
68
24
10
21
2
68
24
10
21
2
68
24
10
21
2
68
24
10
21
2
68
24
10
21
2
68
24
10
21
2
68
24
10
21
2
68
24
10
21
2
68
24
10
21
2
68
24
10
21
2
68
24
10
21
2
68
24
10
21
2
68
24
10
21
2
68
24
10
21
2
68
24
10
21
2
68
24
10
21
2
68
24
10
21
2
68
24
10
21
2
68
24
10
21
2
68
24
10
21
2
68
24
10
21
2
68
24
10
21
2
68
24
10
21
2
68
24
10
21
2
68
24
10
21
2
68
24
10
21
2
68
24
10
21
2
68
24
10
21
2
68
24
10
21
2
68
24
10
21
2
68
24
10
21
2
68
24
10
21
2
68
24
10
21
2
68
24
10
21
2
68
