201
205
204
23
472
114
168
221
359
65
201
205
204
23
472
114
168
221
359
65
201
205
204
23
472
114
168
221
359
65
201
205
204
23
472
114
168
221
359
65
201
205
204
23
472
114
168
221
359
65
201
205
204
23
472
114
168
221
359
65
201
205
204
23
472
114
168
221
359
65
201
205
204
23
472
114
168
221
359
65
201
205
204
23
472
114
168
221
359
65
201
205
204
23
472
114
168
221
359
65
201
205
204
23
472
114
168
221
359
65
201
205
204
23
472
114
168
221
359
65
201
205
204
23
472
114
168
221
359
65
201
205
204
23
472
114
168
221
359
65
201
205
204
23
472
114
168
221
359
65
201
205
204
23
472
114
168
221
359
65
201
205
204
23
472
114
168
221
359
65
201
205
204
23
472
114
168
221
359
65
201
205
204
23
472
114
168
221
359
65
201
205
204
23
472
114
168
221
359
65
201
205
204
23
472
114
168
221
359
65
201
205
204
23
472
114
168
221
359
65
201
205
204
23
472
114
168
221
359
65
201
205
204
23
472
114
168
221
359
65
201
205
204
23
472
114
168
221
359
65
201
205
204
23
472
114
168
221
359
65
201
205
204
23
472
114
168
221
359
65
201
205
204
23
472
114
168
221
359
65
201
205
204
23
472
114
168
221
359
65
201
205
204
23
472
114
168
221
359
65
201
205
204
23
472
114
168
221
359
65
201
205
204
23
472
114
168
221
359
65
201
205
204
23
472
114
168
221
359
65
201
205
204
23
472
114
168
221
359
65
201
205
204
23
472
114
168
221
359
65
201
205
204
23
472
114
168
221
359
65
201
205
204
23
472
114
168
221
359
65
201
205
204
23
472
114
168
221
359
65
201
205
204
23
472
114
168
221
359
65
201
205
204
23
472
114
168
221
359
65
201
205
204
23
472
114
168
221
359
65
201
205
204
23
472
114
168
221
359
65
201
205
204
23
472
114
168
221
359
65
201
205
204
23
472
114
168
221
359
65
201
205
204
23
472
114
168
221
359
65
201
205
204
23
472
114
168
221
359
65
201
205
204
23
472
114
168
221
359
65
201
205
204
23
472
114
168
221
359
65
201
205
204
23
472
114
168
221
359
65
201
205
204
23
472
114
168
221
359
65
