12
135
310
305
219
89
229
342
178
91
12
135
310
305
219
89
229
342
178
91
12
135
310
305
219
89
229
342
178
91
12
135
310
305
219
89
229
342
178
91
12
135
310
305
219
89
229
342
178
91
12
135
310
305
219
89
229
342
178
91
12
135
310
305
219
89
229
342
178
91
12
135
310
305
219
89
229
342
178
91
12
135
310
305
219
89
229
342
178
91
12
135
310
305
219
89
229
342
178
91
12
135
310
305
219
89
229
342
178
91
12
135
310
305
219
89
229
342
178
91
12
135
310
305
219
89
229
342
178
91
12
135
310
305
219
89
229
342
178
91
12
135
310
305
219
89
229
342
178
91
12
135
310
305
219
89
229
342
178
91
12
135
310
305
219
89
229
342
178
91
12
135
310
305
219
89
229
342
178
91
12
135
310
305
219
89
229
342
178
91
12
135
310
305
219
89
229
342
178
91
12
135
310
305
219
89
229
342
178
91
12
135
310
305
219
89
229
342
178
91
12
135
310
305
219
89
229
342
178
91
12
135
310
305
219
89
229
342
178
91
12
135
310
305
219
89
229
342
178
91
12
135
310
305
219
89
229
342
178
91
12
135
310
305
219
89
229
342
178
91
12
135
310
305
219
89
229
342
178
91
12
135
310
305
219
89
229
342
178
91
12
135
310
305
219
89
229
342
178
91
12
135
310
305
219
89
229
342
178
91
12
135
310
305
219
89
229
342
178
91
12
135
310
305
219
89
229
342
178
91
12
135
310
305
219
89
229
342
178
91
12
135
310
305
219
89
229
342
178
91
12
135
310
305
219
89
229
342
178
91
12
135
310
305
219
89
229
342
178
91
12
135
310
305
219
89
229
342
178
91
12
135
310
305
219
89
229
342
178
91
12
135
310
305
219
89
229
342
178
91
12
135
310
305
219
89
229
342
178
91
12
135
310
305
219
89
229
342
178
91
12
135
310
305
219
89
229
342
178
91
12
135
310
305
219
89
229
342
178
91
12
135
310
305
219
89
229
342
178
91
12
135
310
305
219
89
229
342
178
91
12
135
310
305
219
89
229
342
178
91
12
135
310
305
219
89
229
342
178
91
12
135
310
305
219
89
229
342
178
91
12
135
310
305
219
89
229
342
178
91
