308
322
214
606
199
179
206
63
173
563
153
307
1
74
137
135
478
224
814
78
308
322
214
606
199
179
206
63
173
563
153
307
1
74
137
135
478
224
814
78
308
322
214
606
199
179
206
63
173
563
153
307
1
74
137
135
478
224
814
78
308
322
214
606
199
179
206
63
173
563
153
307
1
74
137
135
478
224
814
78
308
322
214
606
199
179
206
63
173
563
153
307
1
74
137
135
478
224
814
78
308
322
214
606
199
179
206
63
173
563
153
307
1
74
137
135
478
224
814
78
308
322
214
606
199
179
206
63
173
563
153
307
1
74
137
135
478
224
814
78
308
322
214
606
199
179
206
63
173
563
153
307
1
74
137
135
478
224
814
78
308
322
214
606
199
179
206
63
173
563
153
307
1
74
137
135
478
224
814
78
308
322
214
606
199
179
206
63
173
563
153
307
1
74
137
135
478
224
814
78
308
322
214
606
199
179
206
63
173
563
153
307
1
74
137
135
478
224
814
78
308
322
214
606
199
179
206
63
173
563
153
307
1
74
137
135
478
224
814
78
308
322
214
606
199
179
206
63
173
563
153
307
1
74
137
135
478
224
814
78
308
322
214
606
199
179
206
63
173
563
153
307
1
74
137
135
478
224
814
78
308
322
214
606
199
179
206
63
173
563
153
307
1
74
137
135
478
224
814
78
308
322
214
606
199
179
206
63
173
563
153
307
1
74
137
135
478
224
814
78
308
322
214
606
199
179
206
63
173
563
153
307
1
74
137
135
478
224
814
78
308
322
214
606
199
179
206
63
173
563
153
307
1
74
137
135
478
224
814
78
308
322
214
606
199
179
206
63
173
563
153
307
1
74
137
135
478
224
814
78
308
322
214
606
199
179
206
63
173
563
153
307
1
74
137
135
478
224
814
78
308
322
214
606
199
179
206
63
173
563
153
307
1
74
137
135
478
224
814
78
308
322
214
606
199
179
206
63
173
563
153
307
1
74
137
135
478
224
814
78
308
322
214
606
199
179
206
63
173
563
153
307
1
74
137
135
478
224
814
78
308
322
214
606
199
179
206
63
173
563
153
307
1
74
137
135
478
224
814
78
308
322
214
606
199
179
206
63
173
563
153
307
1
74
137
135
478
224
814
78
308
322
214
606
199
179
206
63
173
563
153
307
1
74
137
135
478
224
814
78
308
322
214
606
199
179
206
63
173
563
153
307
1
74
137
135
478
224
814
78
308
322
214
606
199
179
206
63
173
563
153
307
1
74
137
135
478
224
814
78
308
322
214
606
199
179
206
63
173
563
153
307
1
74
137
135
478
224
814
78
308
322
214
606
199
179
206
63
173
563
153
307
1
74
137
135
478
224
814
78
308
322
214
606
199
179
206
63
173
563
153
307
1
74
137
135
478
224
814
78
308
322
214
606
199
179
206
63
173
563
153
307
1
74
137
135
478
224
814
78
308
322
214
606
199
179
206
63
173
563
153
307
1
74
137
135
478
224
814
78
308
322
214
606
199
179
206
63
173
563
153
307
1
74
137
135
478
224
814
78
308
322
214
606
199
179
206
63
173
563
153
307
1
74
137
135
478
224
814
78
308
322
214
606
199
179
206
63
173
563
153
307
1
74
137
135
478
224
814
78
308
322
214
606
199
179
206
63
173
563
153
307
1
74
137
135
478
224
814
78
308
322
214
606
199
179
206
63
173
563
153
307
1
74
137
135
478
224
814
78
308
322
214
606
199
179
206
63
173
563
153
307
1
74
137
135
478
224
814
78
308
322
214
606
199
179
206
63
173
563
153
307
1
74
137
135
478
224
814
78
308
322
214
606
199
179
206
63
173
563
153
307
1
74
137
135
478
224
814
78
308
322
214
606
199
179
206
63
173
563
153
307
1
74
137
135
478
224
814
78
308
322
214
606
199
179
206
63
173
563
153
307
1
74
137
135
478
224
814
78
308
322
214
606
199
179
206
63
173
563
153
307
1
74
137
135
478
224
814
78
308
322
214
606
199
179
206
63
173
563
153
307
1
74
137
135
478
224
814
78
308
322
214
606
199
179
206
63
173
563
153
307
1
74
137
135
478
224
814
78
308
322
214
606
199
179
206
63
173
563
153
307
1
74
137
135
478
224
814
78
308
322
214
606
199
179
206
63
173
563
153
307
1
74
137
135
478
224
814
78
308
322
214
606
199
179
206
63
173
563
153
307
1
74
137
135
478
224
814
78
308
322
214
606
199
179
206
63
173
563
153
307
1
74
137
135
478
224
814
78
