622
123
996
601
763
779
1229
133
819
74
353
65
368
127
700
399
682
529
139
361
622
123
996
601
763
779
1229
133
819
74
353
65
368
127
700
399
682
529
139
361
622
123
996
601
763
779
1229
133
819
74
353
65
368
127
700
399
682
529
139
361
622
123
996
601
763
779
1229
133
819
74
353
65
368
127
700
399
682
529
139
361
622
123
996
601
763
779
1229
133
819
74
353
65
368
127
700
399
682
529
139
361
622
123
996
601
763
779
1229
133
819
74
353
65
368
127
700
399
682
529
139
361
622
123
996
601
763
779
1229
133
819
74
353
65
368
127
700
399
682
529
139
361
622
123
996
601
763
779
1229
133
819
74
353
65
368
127
700
399
682
529
139
361
622
123
996
601
763
779
1229
133
819
74
353
65
368
127
700
399
682
529
139
361
622
123
996
601
763
779
1229
133
819
74
353
65
368
127
700
399
682
529
139
361
622
123
996
601
763
779
1229
133
819
74
353
65
368
127
700
399
682
529
139
361
622
123
996
601
763
779
1229
133
819
74
353
65
368
127
700
399
682
529
139
361
622
123
996
601
763
779
1229
133
819
74
353
65
368
127
700
399
682
529
139
361
622
123
996
601
763
779
1229
133
819
74
353
65
368
127
700
399
682
529
139
361
622
123
996
601
763
779
1229
133
819
74
353
65
368
127
700
399
682
529
139
361
622
123
996
601
763
779
1229
133
819
74
353
65
368
127
700
399
682
529
139
361
622
123
996
601
763
779
1229
133
819
74
353
65
368
127
700
399
682
529
139
361
622
123
996
601
763
779
1229
133
819
74
353
65
368
127
700
399
682
529
139
361
622
123
996
601
763
779
1229
133
819
74
353
65
368
127
700
399
682
529
139
361
622
123
996
601
763
779
1229
133
819
74
353
65
368
127
700
399
682
529
139
361
622
123
996
601
763
779
1229
133
819
74
353
65
368
127
700
399
682
529
139
361
622
123
996
601
763
779
1229
133
819
74
353
65
368
127
700
399
682
529
139
361
622
123
996
601
763
779
1229
133
819
74
353
65
368
127
700
399
682
529
139
361
622
123
996
601
763
779
1229
133
819
74
353
65
368
127
700
399
682
529
139
361
622
123
996
601
763
779
1229
133
819
74
353
65
368
127
700
399
682
529
139
361
622
123
996
601
763
779
1229
133
819
74
353
65
368
127
700
399
682
529
139
361
622
123
996
601
763
779
1229
133
819
74
353
65
368
127
700
399
682
529
139
361
622
123
996
601
763
779
1229
133
819
74
353
65
368
127
700
399
682
529
139
361
622
123
996
601
763
779
1229
133
819
74
353
65
368
127
700
399
682
529
139
361
622
123
996
601
763
779
1229
133
819
74
353
65
368
127
700
399
682
529
139
361
622
123
996
601
763
779
1229
133
819
74
353
65
368
127
700
399
682
529
139
361
622
123
996
601
763
779
1229
133
819
74
353
65
368
127
700
399
682
529
139
361
622
123
996
601
763
779
1229
133
819
74
353
65
368
127
700
399
682
529
139
361
622
123
996
601
763
779
1229
133
819
74
353
65
368
127
700
399
682
529
139
361
622
123
996
601
763
779
1229
133
819
74
353
65
368
127
700
399
682
529
139
361
622
123
996
601
763
779
1229
133
819
74
353
65
368
127
700
399
682
529
139
361
622
123
996
601
763
779
1229
133
819
74
353
65
368
127
700
399
682
529
139
361
622
123
996
601
763
779
1229
133
819
74
353
65
368
127
700
399
682
529
139
361
622
123
996
601
763
779
1229
133
819
74
353
65
368
127
700
399
682
529
139
361
622
123
996
601
763
779
1229
133
819
74
353
65
368
127
700
399
682
529
139
361
622
123
996
601
763
779
1229
133
819
74
353
65
368
127
700
399
682
529
139
361
622
123
996
601
763
779
1229
133
819
74
353
65
368
127
700
399
682
529
139
361
622
123
996
601
763
779
1229
133
819
74
353
65
368
127
700
399
682
529
139
361
622
123
996
601
763
779
1229
133
819
74
353
65
368
127
700
399
682
529
139
361
622
123
996
601
763
779
1229
133
819
74
353
65
368
127
700
399
682
529
139
361
622
123
996
601
763
779
1229
133
819
74
353
65
368
127
700
399
682
529
139
361
622
123
996
601
763
779
1229
133
819
74
353
65
368
127
700
399
682
529
139
361
622
123
996
601
763
779
1229
133
819
74
353
65
368
127
700
399
682
529
139
361
622
123
996
601
763
779
1229
133
819
74
353
65
368
127
700
399
682
529
139
361
622
123
996
601
763
779
1229
133
819
74
353
65
368
127
700
399
682
529
139
361
