11
587
26
25
209
32
193
164
117
321
111
521
368
112
252
165
827
372
248
162
11
587
26
25
209
32
193
164
117
321
111
521
368
112
252
165
827
372
248
162
11
587
26
25
209
32
193
164
117
321
111
521
368
112
252
165
827
372
248
162
11
587
26
25
209
32
193
164
117
321
111
521
368
112
252
165
827
372
248
162
11
587
26
25
209
32
193
164
117
321
111
521
368
112
252
165
827
372
248
162
11
587
26
25
209
32
193
164
117
321
111
521
368
112
252
165
827
372
248
162
11
587
26
25
209
32
193
164
117
321
111
521
368
112
252
165
827
372
248
162
11
587
26
25
209
32
193
164
117
321
111
521
368
112
252
165
827
372
248
162
11
587
26
25
209
32
193
164
117
321
111
521
368
112
252
165
827
372
248
162
11
587
26
25
209
32
193
164
117
321
111
521
368
112
252
165
827
372
248
162
11
587
26
25
209
32
193
164
117
321
111
521
368
112
252
165
827
372
248
162
11
587
26
25
209
32
193
164
117
321
111
521
368
112
252
165
827
372
248
162
11
587
26
25
209
32
193
164
117
321
111
521
368
112
252
165
827
372
248
162
11
587
26
25
209
32
193
164
117
321
111
521
368
112
252
165
827
372
248
162
11
587
26
25
209
32
193
164
117
321
111
521
368
112
252
165
827
372
248
162
11
587
26
25
209
32
193
164
117
321
111
521
368
112
252
165
827
372
248
162
11
587
26
25
209
32
193
164
117
321
111
521
368
112
252
165
827
372
248
162
11
587
26
25
209
32
193
164
117
321
111
521
368
112
252
165
827
372
248
162
11
587
26
25
209
32
193
164
117
321
111
521
368
112
252
165
827
372
248
162
11
587
26
25
209
32
193
164
117
321
111
521
368
112
252
165
827
372
248
162
11
587
26
25
209
32
193
164
117
321
111
521
368
112
252
165
827
372
248
162
11
587
26
25
209
32
193
164
117
321
111
521
368
112
252
165
827
372
248
162
11
587
26
25
209
32
193
164
117
321
111
521
368
112
252
165
827
372
248
162
11
587
26
25
209
32
193
164
117
321
111
521
368
112
252
165
827
372
248
162
11
587
26
25
209
32
193
164
117
321
111
521
368
112
252
165
827
372
248
162
11
587
26
25
209
32
193
164
117
321
111
521
368
112
252
165
827
372
248
162
11
587
26
25
209
32
193
164
117
321
111
521
368
112
252
165
827
372
248
162
11
587
26
25
209
32
193
164
117
321
111
521
368
112
252
165
827
372
248
162
11
587
26
25
209
32
193
164
117
321
111
521
368
112
252
165
827
372
248
162
11
587
26
25
209
32
193
164
117
321
111
521
368
112
252
165
827
372
248
162
11
587
26
25
209
32
193
164
117
321
111
521
368
112
252
165
827
372
248
162
11
587
26
25
209
32
193
164
117
321
111
521
368
112
252
165
827
372
248
162
11
587
26
25
209
32
193
164
117
321
111
521
368
112
252
165
827
372
248
162
11
587
26
25
209
32
193
164
117
321
111
521
368
112
252
165
827
372
248
162
11
587
26
25
209
32
193
164
117
321
111
521
368
112
252
165
827
372
248
162
11
587
26
25
209
32
193
164
117
321
111
521
368
112
252
165
827
372
248
162
11
587
26
25
209
32
193
164
117
321
111
521
368
112
252
165
827
372
248
162
11
587
26
25
209
32
193
164
117
321
111
521
368
112
252
165
827
372
248
162
11
587
26
25
209
32
193
164
117
321
111
521
368
112
252
165
827
372
248
162
11
587
26
25
209
32
193
164
117
321
111
521
368
112
252
165
827
372
248
162
11
587
26
25
209
32
193
164
117
321
111
521
368
112
252
165
827
372
248
162
11
587
26
25
209
32
193
164
117
321
111
521
368
112
252
165
827
372
248
162
11
587
26
25
209
32
193
164
117
321
111
521
368
112
252
165
827
372
248
162
11
587
26
25
209
32
193
164
117
321
111
521
368
112
252
165
827
372
248
162
11
587
26
25
209
32
193
164
117
321
111
521
368
112
252
165
827
372
248
162
11
587
26
25
209
32
193
164
117
321
111
521
368
112
252
165
827
372
248
162
11
587
26
25
209
32
193
164
117
321
111
521
368
112
252
165
827
372
248
162
11
587
26
25
209
32
193
164
117
321
111
521
368
112
252
165
827
372
248
162
11
587
26
25
209
32
193
164
117
321
111
521
368
112
252
165
827
372
248
162
11
587
26
25
209
32
193
164
117
321
111
521
368
112
252
165
827
372
248
162
