197
663
575
137
234
251
173
233
429
23
42
289
1672
200
755
561
588
226
225
161
104
55
18
31
299
197
663
575
137
234
251
173
233
429
23
42
289
1672
200
755
561
588
226
225
161
104
55
18
31
299
197
663
575
137
234
251
173
233
429
23
42
289
1672
200
755
561
588
226
225
161
104
55
18
31
299
197
663
575
137
234
251
173
233
429
23
42
289
1672
200
755
561
588
226
225
161
104
55
18
31
299
197
663
575
137
234
251
173
233
429
23
42
289
1672
200
755
561
588
226
225
161
104
55
18
31
299
197
663
575
137
234
251
173
233
429
23
42
289
1672
200
755
561
588
226
225
161
104
55
18
31
299
197
663
575
137
234
251
173
233
429
23
42
289
1672
200
755
561
588
226
225
161
104
55
18
31
299
197
663
575
137
234
251
173
233
429
23
42
289
1672
200
755
561
588
226
225
161
104
55
18
31
299
197
663
575
137
234
251
173
233
429
23
42
289
1672
200
755
561
588
226
225
161
104
55
18
31
299
197
663
575
137
234
251
173
233
429
23
42
289
1672
200
755
561
588
226
225
161
104
55
18
31
299
197
663
575
137
234
251
173
233
429
23
42
289
1672
200
755
561
588
226
225
161
104
55
18
31
299
197
663
575
137
234
251
173
233
429
23
42
289
1672
200
755
561
588
226
225
161
104
55
18
31
299
197
663
575
137
234
251
173
233
429
23
42
289
1672
200
755
561
588
226
225
161
104
55
18
31
299
197
663
575
137
234
251
173
233
429
23
42
289
1672
200
755
561
588
226
225
161
104
55
18
31
299
197
663
575
137
234
251
173
233
429
23
42
289
1672
200
755
561
588
226
225
161
104
55
18
31
299
197
663
575
137
234
251
173
233
429
23
42
289
1672
200
755
561
588
226
225
161
104
55
18
31
299
197
663
575
137
234
251
173
233
429
23
42
289
1672
200
755
561
588
226
225
161
104
55
18
31
299
197
663
575
137
234
251
173
233
429
23
42
289
1672
200
755
561
588
226
225
161
104
55
18
31
299
197
663
575
137
234
251
173
233
429
23
42
289
1672
200
755
561
588
226
225
161
104
55
18
31
299
197
663
575
137
234
251
173
233
429
23
42
289
1672
200
755
561
588
226
225
161
104
55
18
31
299
197
663
575
137
234
251
173
233
429
23
42
289
1672
200
755
561
588
226
225
161
104
55
18
31
299
197
663
575
137
234
251
173
233
429
23
42
289
1672
200
755
561
588
226
225
161
104
55
18
31
299
197
663
575
137
234
251
173
233
429
23
42
289
1672
200
755
561
588
226
225
161
104
55
18
31
299
197
663
575
137
234
251
173
233
429
23
42
289
1672
200
755
561
588
226
225
161
104
55
18
31
299
197
663
575
137
234
251
173
233
429
23
42
289
1672
200
755
561
588
226
225
161
104
55
18
31
299
197
663
575
137
234
251
173
233
429
23
42
289
1672
200
755
561
588
226
225
161
104
55
18
31
299
197
663
575
137
234
251
173
233
429
23
42
289
1672
200
755
561
588
226
225
161
104
55
18
31
299
197
663
575
137
234
251
173
233
429
23
42
289
1672
200
755
561
588
226
225
161
104
55
18
31
299
197
663
575
137
234
251
173
233
429
23
42
289
1672
200
755
561
588
226
225
161
104
55
18
31
299
197
663
575
137
234
251
173
233
429
23
42
289
1672
200
755
561
588
226
225
161
104
55
18
31
299
197
663
575
137
234
251
173
233
429
23
42
289
1672
200
755
561
588
226
225
161
104
55
18
31
299
197
663
575
137
234
251
173
233
429
23
42
289
1672
200
755
561
588
226
225
161
104
55
18
31
299
197
663
575
137
234
251
173
233
429
23
42
289
1672
200
755
561
588
226
225
161
104
55
18
31
299
197
663
575
137
234
251
173
233
429
23
42
289
1672
200
755
561
588
226
225
161
104
55
18
31
299
197
663
575
137
234
251
173
233
429
23
42
289
1672
200
755
561
588
226
225
161
104
55
18
31
299
197
663
575
137
234
251
173
233
429
23
42
289
1672
200
755
561
588
226
225
161
104
55
18
31
299
197
663
575
137
234
251
173
233
429
23
42
289
1672
200
755
561
588
226
225
161
104
55
18
31
299
197
663
575
137
234
251
173
233
429
23
42
289
1672
200
755
561
588
226
225
161
104
55
18
31
299
197
663
575
137
234
251
173
233
429
23
42
289
1672
200
755
561
588
226
225
161
104
55
18
31
299
197
663
575
137
234
251
173
233
429
23
42
289
1672
200
755
561
588
226
225
161
104
55
18
31
299
197
663
575
137
234
251
173
233
429
23
42
289
1672
200
755
561
588
226
225
161
104
55
18
31
299
197
663
575
137
234
251
173
233
429
23
42
289
1672
200
755
561
588
226
225
161
104
55
18
31
299
197
663
575
137
234
251
173
233
429
23
42
289
1672
200
755
561
588
226
225
161
104
55
18
31
299
197
663
575
137
234
251
173
233
429
23
42
289
1672
200
755
561
588
226
225
161
104
55
18
31
299
197
663
575
137
234
251
173
233
429
23
42
289
1672
200
755
561
588
226
225
161
104
55
18
31
299
197
663
575
137
234
251
173
233
429
23
42
289
1672
200
755
561
588
226
225
161
104
55
18
31
299
197
663
575
137
234
251
173
233
429
23
42
289
1672
200
755
561
588
226
225
161
104
55
18
31
299
197
663
575
137
234
251
173
233
429
23
42
289
1672
200
755
561
588
226
225
161
104
55
18
31
299
197
663
575
137
234
251
173
233
429
23
42
289
1672
200
755
561
588
226
225
161
104
55
18
31
299
197
663
575
137
234
251
173
233
429
23
42
289
1672
200
755
561
588
226
225
161
104
55
18
31
299
