573
702
133
271
396
1885
1893
797
795
1772
698
1697
320
5
324
1523
814
308
777
140
239
610
713
617
778
456
70
225
784
787
1800
789
2140
1003
728
573
702
133
271
396
1885
1893
797
795
1772
698
1697
320
5
324
1523
814
308
777
140
239
610
713
617
778
456
70
225
784
787
1800
789
2140
1003
728
573
702
133
271
396
1885
1893
797
795
1772
698
1697
320
5
324
1523
814
308
777
140
239
610
713
617
778
456
70
225
784
787
1800
789
2140
1003
728
573
702
133
271
396
1885
1893
797
795
1772
698
1697
320
5
324
1523
814
308
777
140
239
610
713
617
778
456
70
225
784
787
1800
789
2140
1003
728
573
702
133
271
396
1885
1893
797
795
1772
698
1697
320
5
324
1523
814
308
777
140
239
610
713
617
778
456
70
225
784
787
1800
789
2140
1003
728
573
702
133
271
396
1885
1893
797
795
1772
698
1697
320
5
324
1523
814
308
777
140
239
610
713
617
778
456
70
225
784
787
1800
789
2140
1003
728
573
702
133
271
396
1885
1893
797
795
1772
698
1697
320
5
324
1523
814
308
777
140
239
610
713
617
778
456
70
225
784
787
1800
789
2140
1003
728
573
702
133
271
396
1885
1893
797
795
1772
698
1697
320
5
324
1523
814
308
777
140
239
610
713
617
778
456
70
225
784
787
1800
789
2140
1003
728
573
702
133
271
396
1885
1893
797
795
1772
698
1697
320
5
324
1523
814
308
777
140
239
610
713
617
778
456
70
225
784
787
1800
789
2140
1003
728
573
702
133
271
396
1885
1893
797
795
1772
698
1697
320
5
324
1523
814
308
777
140
239
610
713
617
778
456
70
225
784
787
1800
789
2140
1003
728
573
702
133
271
396
1885
1893
797
795
1772
698
1697
320
5
324
1523
814
308
777
140
239
610
713
617
778
456
70
225
784
787
1800
789
2140
1003
728
573
702
133
271
396
1885
1893
797
795
1772
698
1697
320
5
324
1523
814
308
777
140
239
610
713
617
778
456
70
225
784
787
1800
789
2140
1003
728
573
702
133
271
396
1885
1893
797
795
1772
698
1697
320
5
324
1523
814
308
777
140
239
610
713
617
778
456
70
225
784
787
1800
789
2140
1003
728
573
702
133
271
396
1885
1893
797
795
1772
698
1697
320
5
324
1523
814
308
777
140
239
610
713
617
778
456
70
225
784
787
1800
789
2140
1003
728
573
702
133
271
396
1885
1893
797
795
1772
698
1697
320
5
324
1523
814
308
777
140
239
610
713
617
778
456
70
225
784
787
1800
789
2140
1003
728
573
702
133
271
396
1885
1893
797
795
1772
698
1697
320
5
324
1523
814
308
777
140
239
610
713
617
778
456
70
225
784
787
1800
789
2140
1003
728
573
702
133
271
396
1885
1893
797
795
1772
698
1697
320
5
324
1523
814
308
777
140
239
610
713
617
778
456
70
225
784
787
1800
789
2140
1003
728
573
702
133
271
396
1885
1893
797
795
1772
698
1697
320
5
324
1523
814
308
777
140
239
610
713
617
778
456
70
225
784
787
1800
789
2140
1003
728
573
702
133
271
396
1885
1893
797
795
1772
698
1697
320
5
324
1523
814
308
777
140
239
610
713
617
778
456
70
225
784
787
1800
789
2140
1003
728
573
702
133
271
396
1885
1893
797
795
1772
698
1697
320
5
324
1523
814
308
777
140
239
610
713
617
778
456
70
225
784
787
1800
789
2140
1003
728
573
702
133
271
396
1885
1893
797
795
1772
698
1697
320
5
324
1523
814
308
777
140
239
610
713
617
778
456
70
225
784
787
1800
789
2140
1003
728
573
702
133
271
396
1885
1893
797
795
1772
698
1697
320
5
324
1523
814
308
777
140
239
610
713
617
778
456
70
225
784
787
1800
789
2140
1003
728
573
702
133
271
396
1885
1893
797
795
1772
698
1697
320
5
324
1523
814
308
777
140
239
610
713
617
778
456
70
225
784
787
1800
789
2140
1003
728
573
702
133
271
396
1885
1893
797
795
1772
698
1697
320
5
324
1523
814
308
777
140
239
610
713
617
778
456
70
225
784
787
1800
789
2140
1003
728
573
702
133
271
396
1885
1893
797
795
1772
698
1697
320
5
324
1523
814
308
777
140
239
610
713
617
778
456
70
225
784
787
1800
789
2140
1003
728
573
702
133
271
396
1885
1893
797
795
1772
698
1697
320
5
324
1523
814
308
777
140
239
610
713
617
778
456
70
225
784
787
1800
789
2140
1003
728
573
702
133
271
396
1885
1893
797
795
1772
698
1697
320
5
324
1523
814
308
777
140
239
610
713
617
778
456
70
225
784
787
1800
789
2140
1003
728
573
702
133
271
396
1885
1893
797
795
1772
698
1697
320
5
324
1523
814
308
777
140
239
610
713
617
778
456
70
225
784
787
1800
789
2140
1003
728
573
702
133
271
396
1885
1893
797
795
1772
698
1697
320
5
324
1523
814
308
777
140
239
610
713
617
778
456
70
225
784
787
1800
789
2140
1003
728
573
702
133
271
396
1885
1893
797
795
1772
698
1697
320
5
324
1523
814
308
777
140
239
610
713
617
778
456
70
225
784
787
1800
789
2140
1003
728
573
702
133
271
396
1885
1893
797
795
1772
698
1697
320
5
324
1523
814
308
777
140
239
610
713
617
778
456
70
225
784
787
1800
789
2140
1003
728
573
702
133
271
396
1885
1893
797
795
1772
698
1697
320
5
324
1523
814
308
777
140
239
610
713
617
778
456
70
225
784
787
1800
789
2140
1003
728
573
702
133
271
396
1885
1893
797
795
1772
698
1697
320
5
324
1523
814
308
777
140
239
610
713
617
778
456
70
225
784
787
1800
789
2140
1003
728
573
702
133
271
396
1885
1893
797
795
1772
698
1697
320
5
324
1523
814
308
777
140
239
610
713
617
778
456
70
225
784
787
1800
789
2140
1003
728
573
702
133
271
396
1885
1893
797
795
1772
698
1697
320
5
324
1523
814
308
777
140
239
610
713
617
778
456
70
225
784
787
1800
789
2140
1003
728
573
702
133
271
396
1885
1893
797
795
1772
698
1697
320
5
324
1523
814
308
777
140
239
610
713
617
778
456
70
225
784
787
1800
789
2140
1003
728
573
702
133
271
396
1885
1893
797
795
1772
698
1697
320
5
324
1523
814
308
777
140
239
610
713
617
778
456
70
225
784
787
1800
789
2140
1003
728
573
702
133
271
396
1885
1893
797
795
1772
698
1697
320
5
324
1523
814
308
777
140
239
610
713
617
778
456
70
225
784
787
1800
789
2140
1003
728
573
702
133
271
396
1885
1893
797
795
1772
698
1697
320
5
324
1523
814
308
777
140
239
610
713
617
778
456
70
225
784
787
1800
789
2140
1003
728
573
702
133
271
396
1885
1893
797
795
1772
698
1697
320
5
324
1523
814
308
777
140
239
610
713
617
778
456
70
225
784
787
1800
789
2140
1003
728
573
702
133
271
396
1885
1893
797
795
1772
698
1697
320
5
324
1523
814
308
777
140
239
610
713
617
778
456
70
225
784
787
1800
789
2140
1003
728
573
702
133
271
396
1885
1893
797
795
1772
698
1697
320
5
324
1523
814
308
777
140
239
610
713
617
778
456
70
225
784
787
1800
789
2140
1003
728
573
702
133
271
396
1885
1893
797
795
1772
698
1697
320
5
324
1523
814
308
777
140
239
610
713
617
778
456
70
225
784
787
1800
789
2140
1003
728
573
702
133
271
396
1885
1893
797
795
1772
698
1697
320
5
324
1523
814
308
777
140
239
610
713
617
778
456
70
225
784
787
1800
789
2140
1003
728
573
702
133
271
396
1885
1893
797
795
1772
698
1697
320
5
324
1523
814
308
777
140
239
610
713
617
778
456
70
225
784
787
1800
789
2140
1003
728
573
702
133
271
396
1885
1893
797
795
1772
698
1697
320
5
324
1523
814
308
777
140
239
610
713
617
778
456
70
225
784
787
1800
789
2140
1003
728
573
702
133
271
396
1885
1893
797
795
1772
698
1697
320
5
324
1523
814
308
777
140
239
610
713
617
778
456
70
225
784
787
1800
789
2140
1003
728
573
702
133
271
396
1885
1893
797
795
1772
698
1697
320
5
324
1523
814
308
777
140
239
610
713
617
778
456
70
225
784
787
1800
789
2140
1003
728
573
702
133
271
396
1885
1893
797
795
1772
698
1697
320
5
324
1523
814
308
777
140
239
610
713
617
778
456
70
225
784
787
1800
789
2140
1003
728
573
702
133
271
396
1885
1893
797
795
1772
698
1697
320
5
324
1523
814
308
777
140
239
610
713
617
778
456
70
225
784
787
1800
789
2140
1003
728
