747
2294
60
1498
1872
2882
1631
856
794
1810
4539
2058
2484
1818
1018
8
812
3474
1799
771
468
779
3626
1860
1831
487
485
484
483
3202
1849
1802
16
1827
472
857
1008
827
923
805
747
2294
60
1498
1872
2882
1631
856
794
1810
4539
2058
2484
1818
1018
8
812
3474
1799
771
468
779
3626
1860
1831
487
485
484
483
3202
1849
1802
16
1827
472
857
1008
827
923
805
747
2294
60
1498
1872
2882
1631
856
794
1810
4539
2058
2484
1818
1018
8
812
3474
1799
771
468
779
3626
1860
1831
487
485
484
483
3202
1849
1802
16
1827
472
857
1008
827
923
805
747
2294
60
1498
1872
2882
1631
856
794
1810
4539
2058
2484
1818
1018
8
812
3474
1799
771
468
779
3626
1860
1831
487
485
484
483
3202
1849
1802
16
1827
472
857
1008
827
923
805
747
2294
60
1498
1872
2882
1631
856
794
1810
4539
2058
2484
1818
1018
8
812
3474
1799
771
468
779
3626
1860
1831
487
485
484
483
3202
1849
1802
16
1827
472
857
1008
827
923
805
747
2294
60
1498
1872
2882
1631
856
794
1810
4539
2058
2484
1818
1018
8
812
3474
1799
771
468
779
3626
1860
1831
487
485
484
483
3202
1849
1802
16
1827
472
857
1008
827
923
805
747
2294
60
1498
1872
2882
1631
856
794
1810
4539
2058
2484
1818
1018
8
812
3474
1799
771
468
779
3626
1860
1831
487
485
484
483
3202
1849
1802
16
1827
472
857
1008
827
923
805
747
2294
60
1498
1872
2882
1631
856
794
1810
4539
2058
2484
1818
1018
8
812
3474
1799
771
468
779
3626
1860
1831
487
485
484
483
3202
1849
1802
16
1827
472
857
1008
827
923
805
747
2294
60
1498
1872
2882
1631
856
794
1810
4539
2058
2484
1818
1018
8
812
3474
1799
771
468
779
3626
1860
1831
487
485
484
483
3202
1849
1802
16
1827
472
857
1008
827
923
805
747
2294
60
1498
1872
2882
1631
856
794
1810
4539
2058
2484
1818
1018
8
812
3474
1799
771
468
779
3626
1860
1831
487
485
484
483
3202
1849
1802
16
1827
472
857
1008
827
923
805
747
2294
60
1498
1872
2882
1631
856
794
1810
4539
2058
2484
1818
1018
8
812
3474
1799
771
468
779
3626
1860
1831
487
485
484
483
3202
1849
1802
16
1827
472
857
1008
827
923
805
747
2294
60
1498
1872
2882
1631
856
794
1810
4539
2058
2484
1818
1018
8
812
3474
1799
771
468
779
3626
1860
1831
487
485
484
483
3202
1849
1802
16
1827
472
857
1008
827
923
805
747
2294
60
1498
1872
2882
1631
856
794
1810
4539
2058
2484
1818
1018
8
812
3474
1799
771
468
779
3626
1860
1831
487
485
484
483
3202
1849
1802
16
1827
472
857
1008
827
923
805
747
2294
60
1498
1872
2882
1631
856
794
1810
4539
2058
2484
1818
1018
8
812
3474
1799
771
468
779
3626
1860
1831
487
485
484
483
3202
1849
1802
16
1827
472
857
1008
827
923
805
747
2294
60
1498
1872
2882
1631
856
794
1810
4539
2058
2484
1818
1018
8
812
3474
1799
771
468
779
3626
1860
1831
487
485
484
483
3202
1849
1802
16
1827
472
857
1008
827
923
805
747
2294
60
1498
1872
2882
1631
856
794
1810
4539
2058
2484
1818
1018
8
812
3474
1799
771
468
779
3626
1860
1831
487
485
484
483
3202
1849
1802
16
1827
472
857
1008
827
923
805
747
2294
60
1498
1872
2882
1631
856
794
1810
4539
2058
2484
1818
1018
8
812
3474
1799
771
468
779
3626
1860
1831
487
485
484
483
3202
1849
1802
16
1827
472
857
1008
827
923
805
747
2294
60
1498
1872
2882
1631
856
794
1810
4539
2058
2484
1818
1018
8
812
3474
1799
771
468
779
3626
1860
1831
487
485
484
483
3202
1849
1802
16
1827
472
857
1008
827
923
805
747
2294
60
1498
1872
2882
1631
856
794
1810
4539
2058
2484
1818
1018
8
812
3474
1799
771
468
779
3626
1860
1831
487
485
484
483
3202
1849
1802
16
1827
472
857
1008
827
923
805
747
2294
60
1498
1872
2882
1631
856
794
1810
4539
2058
2484
1818
1018
8
812
3474
1799
771
468
779
3626
1860
1831
487
485
484
483
3202
1849
1802
16
1827
472
857
1008
827
923
805
747
2294
60
1498
1872
2882
1631
856
794
1810
4539
2058
2484
1818
1018
8
812
3474
1799
771
468
779
3626
1860
1831
487
485
484
483
3202
1849
1802
16
1827
472
857
1008
827
923
805
747
2294
60
1498
1872
2882
1631
856
794
1810
4539
2058
2484
1818
1018
8
812
3474
1799
771
468
779
3626
1860
1831
487
485
484
483
3202
1849
1802
16
1827
472
857
1008
827
923
805
747
2294
60
1498
1872
2882
1631
856
794
1810
4539
2058
2484
1818
1018
8
812
3474
1799
771
468
779
3626
1860
1831
487
485
484
483
3202
1849
1802
16
1827
472
857
1008
827
923
805
747
2294
60
1498
1872
2882
1631
856
794
1810
4539
2058
2484
1818
1018
8
812
3474
1799
771
468
779
3626
1860
1831
487
485
484
483
3202
1849
1802
16
1827
472
857
1008
827
923
805
747
2294
60
1498
1872
2882
1631
856
794
1810
4539
2058
2484
1818
1018
8
812
3474
1799
771
468
779
3626
1860
1831
487
485
484
483
3202
1849
1802
16
1827
472
857
1008
827
923
805
747
2294
60
1498
1872
2882
1631
856
794
1810
4539
2058
2484
1818
1018
8
812
3474
1799
771
468
779
3626
1860
1831
487
485
484
483
3202
1849
1802
16
1827
472
857
1008
827
923
805
747
2294
60
1498
1872
2882
1631
856
794
1810
4539
2058
2484
1818
1018
8
812
3474
1799
771
468
779
3626
1860
1831
487
485
484
483
3202
1849
1802
16
1827
472
857
1008
827
923
805
747
2294
60
1498
1872
2882
1631
856
794
1810
4539
2058
2484
1818
1018
8
812
3474
1799
771
468
779
3626
1860
1831
487
485
484
483
3202
1849
1802
16
1827
472
857
1008
827
923
805
747
2294
60
1498
1872
2882
1631
856
794
1810
4539
2058
2484
1818
1018
8
812
3474
1799
771
468
779
3626
1860
1831
487
485
484
483
3202
1849
1802
16
1827
472
857
1008
827
923
805
747
2294
60
1498
1872
2882
1631
856
794
1810
4539
2058
2484
1818
1018
8
812
3474
1799
771
468
779
3626
1860
1831
487
485
484
483
3202
1849
1802
16
1827
472
857
1008
827
923
805
747
2294
60
1498
1872
2882
1631
856
794
1810
4539
2058
2484
1818
1018
8
812
3474
1799
771
468
779
3626
1860
1831
487
485
484
483
3202
1849
1802
16
1827
472
857
1008
827
923
805
747
2294
60
1498
1872
2882
1631
856
794
1810
4539
2058
2484
1818
1018
8
812
3474
1799
771
468
779
3626
1860
1831
487
485
484
483
3202
1849
1802
16
1827
472
857
1008
827
923
805
747
2294
60
1498
1872
2882
1631
856
794
1810
4539
2058
2484
1818
1018
8
812
3474
1799
771
468
779
3626
1860
1831
487
485
484
483
3202
1849
1802
16
1827
472
857
1008
827
923
805
747
2294
60
1498
1872
2882
1631
856
794
1810
4539
2058
2484
1818
1018
8
812
3474
1799
771
468
779
3626
1860
1831
487
485
484
483
3202
1849
1802
16
1827
472
857
1008
827
923
805
747
2294
60
1498
1872
2882
1631
856
794
1810
4539
2058
2484
1818
1018
8
812
3474
1799
771
468
779
3626
1860
1831
487
485
484
483
3202
1849
1802
16
1827
472
857
1008
827
923
805
747
2294
60
1498
1872
2882
1631
856
794
1810
4539
2058
2484
1818
1018
8
812
3474
1799
771
468
779
3626
1860
1831
487
485
484
483
3202
1849
1802
16
1827
472
857
1008
827
923
805
747
2294
60
1498
1872
2882
1631
856
794
1810
4539
2058
2484
1818
1018
8
812
3474
1799
771
468
779
3626
1860
1831
487
485
484
483
3202
1849
1802
16
1827
472
857
1008
827
923
805
747
2294
60
1498
1872
2882
1631
856
794
1810
4539
2058
2484
1818
1018
8
812
3474
1799
771
468
779
3626
1860
1831
487
485
484
483
3202
1849
1802
16
1827
472
857
1008
827
923
805
747
2294
60
1498
1872
2882
1631
856
794
1810
4539
2058
2484
1818
1018
8
812
3474
1799
771
468
779
3626
1860
1831
487
485
484
483
3202
1849
1802
16
1827
472
857
1008
827
923
805
747
2294
60
1498
1872
2882
1631
856
794
1810
4539
2058
2484
1818
1018
8
812
3474
1799
771
468
779
3626
1860
1831
487
485
484
483
3202
1849
1802
16
1827
472
857
1008
827
923
805
747
2294
60
1498
1872
2882
1631
856
794
1810
4539
2058
2484
1818
1018
8
812
3474
1799
771
468
779
3626
1860
1831
487
485
484
483
3202
1849
1802
16
1827
472
857
1008
827
923
805
747
2294
60
1498
1872
2882
1631
856
794
1810
4539
2058
2484
1818
1018
8
812
3474
1799
771
468
779
3626
1860
1831
487
485
484
483
3202
1849
1802
16
1827
472
857
1008
827
923
805
747
2294
60
1498
1872
2882
1631
856
794
1810
4539
2058
2484
1818
1018
8
812
3474
1799
771
468
779
3626
1860
1831
487
485
484
483
3202
1849
1802
16
1827
472
857
1008
827
923
805
747
2294
60
1498
1872
2882
1631
856
794
1810
4539
2058
2484
1818
1018
8
812
3474
1799
771
468
779
3626
1860
1831
487
485
484
483
3202
1849
1802
16
1827
472
857
1008
827
923
805
747
2294
60
1498
1872
2882
1631
856
794
1810
4539
2058
2484
1818
1018
8
812
3474
1799
771
468
779
3626
1860
1831
487
485
484
483
3202
1849
1802
16
1827
472
857
1008
827
923
805
747
2294
60
1498
1872
2882
1631
856
794
1810
4539
2058
2484
1818
1018
8
812
3474
1799
771
468
779
3626
1860
1831
487
485
484
483
3202
1849
1802
16
1827
472
857
1008
827
923
805
747
2294
60
1498
1872
2882
1631
856
794
1810
4539
2058
2484
1818
1018
8
812
3474
1799
771
468
779
3626
1860
1831
487
485
484
483
3202
1849
1802
16
1827
472
857
1008
827
923
805
747
2294
60
1498
1872
2882
1631
856
794
1810
4539
2058
2484
1818
1018
8
812
3474
1799
771
468
779
3626
1860
1831
487
485
484
483
3202
1849
1802
16
1827
472
857
1008
827
923
805
747
2294
60
1498
1872
2882
1631
856
794
1810
4539
2058
2484
1818
1018
8
812
3474
1799
771
468
779
3626
1860
1831
487
485
484
483
3202
1849
1802
16
1827
472
857
1008
827
923
805
747
2294
60
1498
1872
2882
1631
856
794
1810
4539
2058
2484
1818
1018
8
812
3474
1799
771
468
779
3626
1860
1831
487
485
484
483
3202
1849
1802
16
1827
472
857
1008
827
923
805
