87
70
77
25
227
23
39
73
90
215
87
70
77
25
227
23
39
73
90
215
87
70
77
25
227
23
39
73
90
215
87
70
77
25
227
23
39
73
90
215
87
70
77
25
227
23
39
73
90
215
87
70
77
25
227
23
39
73
90
215
87
70
77
25
227
23
39
73
90
215
87
70
77
25
227
23
39
73
90
215
87
70
77
25
227
23
39
73
90
215
87
70
77
25
227
23
39
73
90
215
87
70
77
25
227
23
39
73
90
215
87
70
77
25
227
23
39
73
90
215
87
70
77
25
227
23
39
73
90
215
87
70
77
25
227
23
39
73
90
215
87
70
77
25
227
23
39
73
90
215
87
70
77
25
227
23
39
73
90
215
87
70
77
25
227
23
39
73
90
215
87
70
77
25
227
23
39
73
90
215
87
70
77
25
227
23
39
73
90
215
87
70
77
25
227
23
39
73
90
215
87
70
77
25
227
23
39
73
90
215
87
70
77
25
227
23
39
73
90
215
87
70
77
25
227
23
39
73
90
215
87
70
77
25
227
23
39
73
90
215
87
70
77
25
227
23
39
73
90
215
87
70
77
25
227
23
39
73
90
215
87
70
77
25
227
23
39
73
90
215
87
70
77
25
227
23
39
73
90
215
87
70
77
25
227
23
39
73
90
215
87
70
77
25
227
23
39
73
90
215
87
70
77
25
227
23
39
73
90
215
87
70
77
25
227
23
39
73
90
215
87
70
77
25
227
23
39
73
90
215
87
70
77
25
227
23
39
73
90
215
87
70
77
25
227
23
39
73
90
215
87
70
77
25
227
23
39
73
90
215
87
70
77
25
227
23
39
73
90
215
87
70
77
25
227
23
39
73
90
215
87
70
77
25
227
23
39
73
90
215
87
70
77
25
227
23
39
73
90
215
87
70
77
25
227
23
39
73
90
215
87
70
77
25
227
23
39
73
90
215
87
70
77
25
227
23
39
73
90
215
87
70
77
25
227
23
39
73
90
215
87
70
77
25
227
23
39
73
90
215
87
70
77
25
227
23
39
73
90
215
87
70
77
25
227
23
39
73
90
215
87
70
77
25
227
23
39
73
90
215
87
70
77
25
227
23
39
73
90
215
87
70
77
25
227
23
39
73
90
215
