27
183
13
129
7
90
111
63
11
99
27
183
13
129
7
90
111
63
11
99
27
183
13
129
7
90
111
63
11
99
27
183
13
129
7
90
111
63
11
99
27
183
13
129
7
90
111
63
11
99
27
183
13
129
7
90
111
63
11
99
27
183
13
129
7
90
111
63
11
99
27
183
13
129
7
90
111
63
11
99
27
183
13
129
7
90
111
63
11
99
27
183
13
129
7
90
111
63
11
99
27
183
13
129
7
90
111
63
11
99
27
183
13
129
7
90
111
63
11
99
27
183
13
129
7
90
111
63
11
99
27
183
13
129
7
90
111
63
11
99
27
183
13
129
7
90
111
63
11
99
27
183
13
129
7
90
111
63
11
99
27
183
13
129
7
90
111
63
11
99
27
183
13
129
7
90
111
63
11
99
27
183
13
129
7
90
111
63
11
99
27
183
13
129
7
90
111
63
11
99
27
183
13
129
7
90
111
63
11
99
27
183
13
129
7
90
111
63
11
99
27
183
13
129
7
90
111
63
11
99
27
183
13
129
7
90
111
63
11
99
27
183
13
129
7
90
111
63
11
99
27
183
13
129
7
90
111
63
11
99
27
183
13
129
7
90
111
63
11
99
27
183
13
129
7
90
111
63
11
99
27
183
13
129
7
90
111
63
11
99
27
183
13
129
7
90
111
63
11
99
27
183
13
129
7
90
111
63
11
99
27
183
13
129
7
90
111
63
11
99
27
183
13
129
7
90
111
63
11
99
27
183
13
129
7
90
111
63
11
99
27
183
13
129
7
90
111
63
11
99
27
183
13
129
7
90
111
63
11
99
27
183
13
129
7
90
111
63
11
99
27
183
13
129
7
90
111
63
11
99
27
183
13
129
7
90
111
63
11
99
27
183
13
129
7
90
111
63
11
99
27
183
13
129
7
90
111
63
11
99
27
183
13
129
7
90
111
63
11
99
27
183
13
129
7
90
111
63
11
99
27
183
13
129
7
90
111
63
11
99
27
183
13
129
7
90
111
63
11
99
27
183
13
129
7
90
111
63
11
99
27
183
13
129
7
90
111
63
11
99
27
183
13
129
7
90
111
63
11
99
27
183
13
129
7
90
111
63
11
99
27
183
13
129
7
90
111
63
11
99
