71
48
60
2
336
47
170
1
151
65
71
48
60
2
336
47
170
1
151
65
71
48
60
2
336
47
170
1
151
65
71
48
60
2
336
47
170
1
151
65
71
48
60
2
336
47
170
1
151
65
71
48
60
2
336
47
170
1
151
65
71
48
60
2
336
47
170
1
151
65
71
48
60
2
336
47
170
1
151
65
71
48
60
2
336
47
170
1
151
65
71
48
60
2
336
47
170
1
151
65
71
48
60
2
336
47
170
1
151
65
71
48
60
2
336
47
170
1
151
65
71
48
60
2
336
47
170
1
151
65
71
48
60
2
336
47
170
1
151
65
71
48
60
2
336
47
170
1
151
65
71
48
60
2
336
47
170
1
151
65
71
48
60
2
336
47
170
1
151
65
71
48
60
2
336
47
170
1
151
65
71
48
60
2
336
47
170
1
151
65
71
48
60
2
336
47
170
1
151
65
71
48
60
2
336
47
170
1
151
65
71
48
60
2
336
47
170
1
151
65
71
48
60
2
336
47
170
1
151
65
71
48
60
2
336
47
170
1
151
65
71
48
60
2
336
47
170
1
151
65
71
48
60
2
336
47
170
1
151
65
71
48
60
2
336
47
170
1
151
65
71
48
60
2
336
47
170
1
151
65
71
48
60
2
336
47
170
1
151
65
71
48
60
2
336
47
170
1
151
65
71
48
60
2
336
47
170
1
151
65
71
48
60
2
336
47
170
1
151
65
71
48
60
2
336
47
170
1
151
65
71
48
60
2
336
47
170
1
151
65
71
48
60
2
336
47
170
1
151
65
71
48
60
2
336
47
170
1
151
65
71
48
60
2
336
47
170
1
151
65
71
48
60
2
336
47
170
1
151
65
71
48
60
2
336
47
170
1
151
65
71
48
60
2
336
47
170
1
151
65
71
48
60
2
336
47
170
1
151
65
71
48
60
2
336
47
170
1
151
65
71
48
60
2
336
47
170
1
151
65
71
48
60
2
336
47
170
1
151
65
71
48
60
2
336
47
170
1
151
65
71
48
60
2
336
47
170
1
151
65
71
48
60
2
336
47
170
1
151
65
71
48
60
2
336
47
170
1
151
65
71
48
60
2
336
47
170
1
151
65
71
48
60
2
336
47
170
1
151
65
