6
1
12
3
22
6
1
12
3
22
6
1
12
3
22
6
1
12
3
22
6
1
12
3
22
6
1
12
3
22
6
1
12
3
22
6
1
12
3
22
6
1
12
3
22
6
1
12
3
22
6
1
12
3
22
6
1
12
3
22
6
1
12
3
22
6
1
12
3
22
6
1
12
3
22
6
1
12
3
22
6
1
12
3
22
6
1
12
3
22
6
1
12
3
22
6
1
12
3
22
6
1
12
3
22
6
1
12
3
22
6
1
12
3
22
6
1
12
3
22
6
1
12
3
22
6
1
12
3
22
6
1
12
3
22
6
1
12
3
22
6
1
12
3
22
6
1
12
3
22
6
1
12
3
22
6
1
12
3
22
6
1
12
3
22
6
1
12
3
22
6
1
12
3
22
6
1
12
3
22
6
1
12
3
22
6
1
12
3
22
6
1
12
3
22
6
1
12
3
22
6
1
12
3
22
6
1
12
3
22
6
1
12
3
22
6
1
12
3
22
6
1
12
3
22
6
1
12
3
22
6
1
12
3
22
6
1
12
3
22
6
1
12
3
22
6
1
12
3
22
