11
33
21
1
30
11
33
21
1
30
11
33
21
1
30
11
33
21
1
30
11
33
21
1
30
11
33
21
1
30
11
33
21
1
30
11
33
21
1
30
11
33
21
1
30
11
33
21
1
30
11
33
21
1
30
11
33
21
1
30
11
33
21
1
30
11
33
21
1
30
11
33
21
1
30
11
33
21
1
30
11
33
21
1
30
11
33
21
1
30
11
33
21
1
30
11
33
21
1
30
11
33
21
1
30
11
33
21
1
30
11
33
21
1
30
11
33
21
1
30
11
33
21
1
30
11
33
21
1
30
11
33
21
1
30
11
33
21
1
30
11
33
21
1
30
11
33
21
1
30
11
33
21
1
30
11
33
21
1
30
11
33
21
1
30
11
33
21
1
30
11
33
21
1
30
11
33
21
1
30
11
33
21
1
30
11
33
21
1
30
11
33
21
1
30
11
33
21
1
30
11
33
21
1
30
11
33
21
1
30
11
33
21
1
30
11
33
21
1
30
11
33
21
1
30
11
33
21
1
30
11
33
21
1
30
11
33
21
1
30
11
33
21
1
30
11
33
21
1
30
