39
67
37
142
323
271
192
135
146
38
39
67
37
142
323
271
192
135
146
38
39
67
37
142
323
271
192
135
146
38
39
67
37
142
323
271
192
135
146
38
39
67
37
142
323
271
192
135
146
38
39
67
37
142
323
271
192
135
146
38
39
67
37
142
323
271
192
135
146
38
39
67
37
142
323
271
192
135
146
38
39
67
37
142
323
271
192
135
146
38
39
67
37
142
323
271
192
135
146
38
39
67
37
142
323
271
192
135
146
38
39
67
37
142
323
271
192
135
146
38
39
67
37
142
323
271
192
135
146
38
39
67
37
142
323
271
192
135
146
38
39
67
37
142
323
271
192
135
146
38
39
67
37
142
323
271
192
135
146
38
39
67
37
142
323
271
192
135
146
38
39
67
37
142
323
271
192
135
146
38
39
67
37
142
323
271
192
135
146
38
39
67
37
142
323
271
192
135
146
38
39
67
37
142
323
271
192
135
146
38
39
67
37
142
323
271
192
135
146
38
39
67
37
142
323
271
192
135
146
38
39
67
37
142
323
271
192
135
146
38
39
67
37
142
323
271
192
135
146
38
39
67
37
142
323
271
192
135
146
38
39
67
37
142
323
271
192
135
146
38
39
67
37
142
323
271
192
135
146
38
39
67
37
142
323
271
192
135
146
38
39
67
37
142
323
271
192
135
146
38
39
67
37
142
323
271
192
135
146
38
39
67
37
142
323
271
192
135
146
38
39
67
37
142
323
271
192
135
146
38
39
67
37
142
323
271
192
135
146
38
39
67
37
142
323
271
192
135
146
38
39
67
37
142
323
271
192
135
146
38
39
67
37
142
323
271
192
135
146
38
39
67
37
142
323
271
192
135
146
38
39
67
37
142
323
271
192
135
146
38
39
67
37
142
323
271
192
135
146
38
39
67
37
142
323
271
192
135
146
38
39
67
37
142
323
271
192
135
146
38
39
67
37
142
323
271
192
135
146
38
39
67
37
142
323
271
192
135
146
38
39
67
37
142
323
271
192
135
146
38
39
67
37
142
323
271
192
135
146
38
39
67
37
142
323
271
192
135
146
38
39
67
37
142
323
271
192
135
146
38
39
67
37
142
323
271
192
135
146
38
39
67
37
142
323
271
192
135
146
38
