9
19
20
111
54
478
442
295
129
223
538
379
33
10
491
332
233
23
267
246
9
19
20
111
54
478
442
295
129
223
538
379
33
10
491
332
233
23
267
246
9
19
20
111
54
478
442
295
129
223
538
379
33
10
491
332
233
23
267
246
9
19
20
111
54
478
442
295
129
223
538
379
33
10
491
332
233
23
267
246
9
19
20
111
54
478
442
295
129
223
538
379
33
10
491
332
233
23
267
246
9
19
20
111
54
478
442
295
129
223
538
379
33
10
491
332
233
23
267
246
9
19
20
111
54
478
442
295
129
223
538
379
33
10
491
332
233
23
267
246
9
19
20
111
54
478
442
295
129
223
538
379
33
10
491
332
233
23
267
246
9
19
20
111
54
478
442
295
129
223
538
379
33
10
491
332
233
23
267
246
9
19
20
111
54
478
442
295
129
223
538
379
33
10
491
332
233
23
267
246
9
19
20
111
54
478
442
295
129
223
538
379
33
10
491
332
233
23
267
246
9
19
20
111
54
478
442
295
129
223
538
379
33
10
491
332
233
23
267
246
9
19
20
111
54
478
442
295
129
223
538
379
33
10
491
332
233
23
267
246
9
19
20
111
54
478
442
295
129
223
538
379
33
10
491
332
233
23
267
246
9
19
20
111
54
478
442
295
129
223
538
379
33
10
491
332
233
23
267
246
9
19
20
111
54
478
442
295
129
223
538
379
33
10
491
332
233
23
267
246
9
19
20
111
54
478
442
295
129
223
538
379
33
10
491
332
233
23
267
246
9
19
20
111
54
478
442
295
129
223
538
379
33
10
491
332
233
23
267
246
9
19
20
111
54
478
442
295
129
223
538
379
33
10
491
332
233
23
267
246
9
19
20
111
54
478
442
295
129
223
538
379
33
10
491
332
233
23
267
246
9
19
20
111
54
478
442
295
129
223
538
379
33
10
491
332
233
23
267
246
9
19
20
111
54
478
442
295
129
223
538
379
33
10
491
332
233
23
267
246
9
19
20
111
54
478
442
295
129
223
538
379
33
10
491
332
233
23
267
246
9
19
20
111
54
478
442
295
129
223
538
379
33
10
491
332
233
23
267
246
9
19
20
111
54
478
442
295
129
223
538
379
33
10
491
332
233
23
267
246
9
19
20
111
54
478
442
295
129
223
538
379
33
10
491
332
233
23
267
246
9
19
20
111
54
478
442
295
129
223
538
379
33
10
491
332
233
23
267
246
9
19
20
111
54
478
442
295
129
223
538
379
33
10
491
332
233
23
267
246
9
19
20
111
54
478
442
295
129
223
538
379
33
10
491
332
233
23
267
246
9
19
20
111
54
478
442
295
129
223
538
379
33
10
491
332
233
23
267
246
9
19
20
111
54
478
442
295
129
223
538
379
33
10
491
332
233
23
267
246
9
19
20
111
54
478
442
295
129
223
538
379
33
10
491
332
233
23
267
246
9
19
20
111
54
478
442
295
129
223
538
379
33
10
491
332
233
23
267
246
9
19
20
111
54
478
442
295
129
223
538
379
33
10
491
332
233
23
267
246
9
19
20
111
54
478
442
295
129
223
538
379
33
10
491
332
233
23
267
246
9
19
20
111
54
478
442
295
129
223
538
379
33
10
491
332
233
23
267
246
9
19
20
111
54
478
442
295
129
223
538
379
33
10
491
332
233
23
267
246
9
19
20
111
54
478
442
295
129
223
538
379
33
10
491
332
233
23
267
246
9
19
20
111
54
478
442
295
129
223
538
379
33
10
491
332
233
23
267
246
9
19
20
111
54
478
442
295
129
223
538
379
33
10
491
332
233
23
267
246
9
19
20
111
54
478
442
295
129
223
538
379
33
10
491
332
233
23
267
246
9
19
20
111
54
478
442
295
129
223
538
379
33
10
491
332
233
23
267
246
9
19
20
111
54
478
442
295
129
223
538
379
33
10
491
332
233
23
267
246
9
19
20
111
54
478
442
295
129
223
538
379
33
10
491
332
233
23
267
246
9
19
20
111
54
478
442
295
129
223
538
379
33
10
491
332
233
23
267
246
9
19
20
111
54
478
442
295
129
223
538
379
33
10
491
332
233
23
267
246
9
19
20
111
54
478
442
295
129
223
538
379
33
10
491
332
233
23
267
246
9
19
20
111
54
478
442
295
129
223
538
379
33
10
491
332
233
23
267
246
9
19
20
111
54
478
442
295
129
223
538
379
33
10
491
332
233
23
267
246
9
19
20
111
54
478
442
295
129
223
538
379
33
10
491
332
233
23
267
246
