190
17
16
96
15
103
102
399
30
228
402
21
106
129
971
324
160
18
424
141
190
17
16
96
15
103
102
399
30
228
402
21
106
129
971
324
160
18
424
141
190
17
16
96
15
103
102
399
30
228
402
21
106
129
971
324
160
18
424
141
190
17
16
96
15
103
102
399
30
228
402
21
106
129
971
324
160
18
424
141
190
17
16
96
15
103
102
399
30
228
402
21
106
129
971
324
160
18
424
141
190
17
16
96
15
103
102
399
30
228
402
21
106
129
971
324
160
18
424
141
190
17
16
96
15
103
102
399
30
228
402
21
106
129
971
324
160
18
424
141
190
17
16
96
15
103
102
399
30
228
402
21
106
129
971
324
160
18
424
141
190
17
16
96
15
103
102
399
30
228
402
21
106
129
971
324
160
18
424
141
190
17
16
96
15
103
102
399
30
228
402
21
106
129
971
324
160
18
424
141
190
17
16
96
15
103
102
399
30
228
402
21
106
129
971
324
160
18
424
141
190
17
16
96
15
103
102
399
30
228
402
21
106
129
971
324
160
18
424
141
190
17
16
96
15
103
102
399
30
228
402
21
106
129
971
324
160
18
424
141
190
17
16
96
15
103
102
399
30
228
402
21
106
129
971
324
160
18
424
141
190
17
16
96
15
103
102
399
30
228
402
21
106
129
971
324
160
18
424
141
190
17
16
96
15
103
102
399
30
228
402
21
106
129
971
324
160
18
424
141
190
17
16
96
15
103
102
399
30
228
402
21
106
129
971
324
160
18
424
141
190
17
16
96
15
103
102
399
30
228
402
21
106
129
971
324
160
18
424
141
190
17
16
96
15
103
102
399
30
228
402
21
106
129
971
324
160
18
424
141
190
17
16
96
15
103
102
399
30
228
402
21
106
129
971
324
160
18
424
141
190
17
16
96
15
103
102
399
30
228
402
21
106
129
971
324
160
18
424
141
190
17
16
96
15
103
102
399
30
228
402
21
106
129
971
324
160
18
424
141
190
17
16
96
15
103
102
399
30
228
402
21
106
129
971
324
160
18
424
141
190
17
16
96
15
103
102
399
30
228
402
21
106
129
971
324
160
18
424
141
190
17
16
96
15
103
102
399
30
228
402
21
106
129
971
324
160
18
424
141
190
17
16
96
15
103
102
399
30
228
402
21
106
129
971
324
160
18
424
141
190
17
16
96
15
103
102
399
30
228
402
21
106
129
971
324
160
18
424
141
190
17
16
96
15
103
102
399
30
228
402
21
106
129
971
324
160
18
424
141
190
17
16
96
15
103
102
399
30
228
402
21
106
129
971
324
160
18
424
141
190
17
16
96
15
103
102
399
30
228
402
21
106
129
971
324
160
18
424
141
190
17
16
96
15
103
102
399
30
228
402
21
106
129
971
324
160
18
424
141
190
17
16
96
15
103
102
399
30
228
402
21
106
129
971
324
160
18
424
141
190
17
16
96
15
103
102
399
30
228
402
21
106
129
971
324
160
18
424
141
190
17
16
96
15
103
102
399
30
228
402
21
106
129
971
324
160
18
424
141
190
17
16
96
15
103
102
399
30
228
402
21
106
129
971
324
160
18
424
141
190
17
16
96
15
103
102
399
30
228
402
21
106
129
971
324
160
18
424
141
190
17
16
96
15
103
102
399
30
228
402
21
106
129
971
324
160
18
424
141
190
17
16
96
15
103
102
399
30
228
402
21
106
129
971
324
160
18
424
141
190
17
16
96
15
103
102
399
30
228
402
21
106
129
971
324
160
18
424
141
190
17
16
96
15
103
102
399
30
228
402
21
106
129
971
324
160
18
424
141
190
17
16
96
15
103
102
399
30
228
402
21
106
129
971
324
160
18
424
141
190
17
16
96
15
103
102
399
30
228
402
21
106
129
971
324
160
18
424
141
190
17
16
96
15
103
102
399
30
228
402
21
106
129
971
324
160
18
424
141
190
17
16
96
15
103
102
399
30
228
402
21
106
129
971
324
160
18
424
141
190
17
16
96
15
103
102
399
30
228
402
21
106
129
971
324
160
18
424
141
190
17
16
96
15
103
102
399
30
228
402
21
106
129
971
324
160
18
424
141
190
17
16
96
15
103
102
399
30
228
402
21
106
129
971
324
160
18
424
141
190
17
16
96
15
103
102
399
30
228
402
21
106
129
971
324
160
18
424
141
190
17
16
96
15
103
102
399
30
228
402
21
106
129
971
324
160
18
424
141
190
17
16
96
15
103
102
399
30
228
402
21
106
129
971
324
160
18
424
141
