178
172
166
528
169
1777
13
196
690
529
1890
1505
60
974
154
1696
420
170
409
205
195
697
1688
804
1535
122
258
889
696
105
765
885
201
293
3003
178
172
166
528
169
1777
13
196
690
529
1890
1505
60
974
154
1696
420
170
409
205
195
697
1688
804
1535
122
258
889
696
105
765
885
201
293
3003
178
172
166
528
169
1777
13
196
690
529
1890
1505
60
974
154
1696
420
170
409
205
195
697
1688
804
1535
122
258
889
696
105
765
885
201
293
3003
178
172
166
528
169
1777
13
196
690
529
1890
1505
60
974
154
1696
420
170
409
205
195
697
1688
804
1535
122
258
889
696
105
765
885
201
293
3003
178
172
166
528
169
1777
13
196
690
529
1890
1505
60
974
154
1696
420
170
409
205
195
697
1688
804
1535
122
258
889
696
105
765
885
201
293
3003
178
172
166
528
169
1777
13
196
690
529
1890
1505
60
974
154
1696
420
170
409
205
195
697
1688
804
1535
122
258
889
696
105
765
885
201
293
3003
178
172
166
528
169
1777
13
196
690
529
1890
1505
60
974
154
1696
420
170
409
205
195
697
1688
804
1535
122
258
889
696
105
765
885
201
293
3003
178
172
166
528
169
1777
13
196
690
529
1890
1505
60
974
154
1696
420
170
409
205
195
697
1688
804
1535
122
258
889
696
105
765
885
201
293
3003
178
172
166
528
169
1777
13
196
690
529
1890
1505
60
974
154
1696
420
170
409
205
195
697
1688
804
1535
122
258
889
696
105
765
885
201
293
3003
178
172
166
528
169
1777
13
196
690
529
1890
1505
60
974
154
1696
420
170
409
205
195
697
1688
804
1535
122
258
889
696
105
765
885
201
293
3003
178
172
166
528
169
1777
13
196
690
529
1890
1505
60
974
154
1696
420
170
409
205
195
697
1688
804
1535
122
258
889
696
105
765
885
201
293
3003
178
172
166
528
169
1777
13
196
690
529
1890
1505
60
974
154
1696
420
170
409
205
195
697
1688
804
1535
122
258
889
696
105
765
885
201
293
3003
178
172
166
528
169
1777
13
196
690
529
1890
1505
60
974
154
1696
420
170
409
205
195
697
1688
804
1535
122
258
889
696
105
765
885
201
293
3003
178
172
166
528
169
1777
13
196
690
529
1890
1505
60
974
154
1696
420
170
409
205
195
697
1688
804
1535
122
258
889
696
105
765
885
201
293
3003
178
172
166
528
169
1777
13
196
690
529
1890
1505
60
974
154
1696
420
170
409
205
195
697
1688
804
1535
122
258
889
696
105
765
885
201
293
3003
178
172
166
528
169
1777
13
196
690
529
1890
1505
60
974
154
1696
420
170
409
205
195
697
1688
804
1535
122
258
889
696
105
765
885
201
293
3003
178
172
166
528
169
1777
13
196
690
529
1890
1505
60
974
154
1696
420
170
409
205
195
697
1688
804
1535
122
258
889
696
105
765
885
201
293
3003
178
172
166
528
169
1777
13
196
690
529
1890
1505
60
974
154
1696
420
170
409
205
195
697
1688
804
1535
122
258
889
696
105
765
885
201
293
3003
178
172
166
528
169
1777
13
196
690
529
1890
1505
60
974
154
1696
420
170
409
205
195
697
1688
804
1535
122
258
889
696
105
765
885
201
293
3003
178
172
166
528
169
1777
13
196
690
529
1890
1505
60
974
154
1696
420
170
409
205
195
697
1688
804
1535
122
258
889
696
105
765
885
201
293
3003
178
172
166
528
169
1777
13
196
690
529
1890
1505
60
974
154
1696
420
170
409
205
195
697
1688
804
1535
122
258
889
696
105
765
885
201
293
3003
178
172
166
528
169
1777
13
196
690
529
1890
1505
60
974
154
1696
420
170
409
205
195
697
1688
804
1535
122
258
889
696
105
765
885
201
293
3003
178
172
166
528
169
1777
13
196
690
529
1890
1505
60
974
154
1696
420
170
409
205
195
697
1688
804
1535
122
258
889
696
105
765
885
201
293
3003
178
172
166
528
169
1777
13
196
690
529
1890
1505
60
974
154
1696
420
170
409
205
195
697
1688
804
1535
122
258
889
696
105
765
885
201
293
3003
178
172
166
528
169
1777
13
196
690
529
1890
1505
60
974
154
1696
420
170
409
205
195
697
1688
804
1535
122
258
889
696
105
765
885
201
293
3003
178
172
166
528
169
1777
13
196
690
529
1890
1505
60
974
154
1696
420
170
409
205
195
697
1688
804
1535
122
258
889
696
105
765
885
201
293
3003
178
172
166
528
169
1777
13
196
690
529
1890
1505
60
974
154
1696
420
170
409
205
195
697
1688
804
1535
122
258
889
696
105
765
885
201
293
3003
178
172
166
528
169
1777
13
196
690
529
1890
1505
60
974
154
1696
420
170
409
205
195
697
1688
804
1535
122
258
889
696
105
765
885
201
293
3003
178
172
166
528
169
1777
13
196
690
529
1890
1505
60
974
154
1696
420
170
409
205
195
697
1688
804
1535
122
258
889
696
105
765
885
201
293
3003
178
172
166
528
169
1777
13
196
690
529
1890
1505
60
974
154
1696
420
170
409
205
195
697
1688
804
1535
122
258
889
696
105
765
885
201
293
3003
178
172
166
528
169
1777
13
196
690
529
1890
1505
60
974
154
1696
420
170
409
205
195
697
1688
804
1535
122
258
889
696
105
765
885
201
293
3003
178
172
166
528
169
1777
13
196
690
529
1890
1505
60
974
154
1696
420
170
409
205
195
697
1688
804
1535
122
258
889
696
105
765
885
201
293
3003
178
172
166
528
169
1777
13
196
690
529
1890
1505
60
974
154
1696
420
170
409
205
195
697
1688
804
1535
122
258
889
696
105
765
885
201
293
3003
178
172
166
528
169
1777
13
196
690
529
1890
1505
60
974
154
1696
420
170
409
205
195
697
1688
804
1535
122
258
889
696
105
765
885
201
293
3003
178
172
166
528
169
1777
13
196
690
529
1890
1505
60
974
154
1696
420
170
409
205
195
697
1688
804
1535
122
258
889
696
105
765
885
201
293
3003
178
172
166
528
169
1777
13
196
690
529
1890
1505
60
974
154
1696
420
170
409
205
195
697
1688
804
1535
122
258
889
696
105
765
885
201
293
3003
178
172
166
528
169
1777
13
196
690
529
1890
1505
60
974
154
1696
420
170
409
205
195
697
1688
804
1535
122
258
889
696
105
765
885
201
293
3003
178
172
166
528
169
1777
13
196
690
529
1890
1505
60
974
154
1696
420
170
409
205
195
697
1688
804
1535
122
258
889
696
105
765
885
201
293
3003
178
172
166
528
169
1777
13
196
690
529
1890
1505
60
974
154
1696
420
170
409
205
195
697
1688
804
1535
122
258
889
696
105
765
885
201
293
3003
178
172
166
528
169
1777
13
196
690
529
1890
1505
60
974
154
1696
420
170
409
205
195
697
1688
804
1535
122
258
889
696
105
765
885
201
293
3003
178
172
166
528
169
1777
13
196
690
529
1890
1505
60
974
154
1696
420
170
409
205
195
697
1688
804
1535
122
258
889
696
105
765
885
201
293
3003
178
172
166
528
169
1777
13
196
690
529
1890
1505
60
974
154
1696
420
170
409
205
195
697
1688
804
1535
122
258
889
696
105
765
885
201
293
3003
178
172
166
528
169
1777
13
196
690
529
1890
1505
60
974
154
1696
420
170
409
205
195
697
1688
804
1535
122
258
889
696
105
765
885
201
293
3003
178
172
166
528
169
1777
13
196
690
529
1890
1505
60
974
154
1696
420
170
409
205
195
697
1688
804
1535
122
258
889
696
105
765
885
201
293
3003
178
172
166
528
169
1777
13
196
690
529
1890
1505
60
974
154
1696
420
170
409
205
195
697
1688
804
1535
122
258
889
696
105
765
885
201
293
3003
178
172
166
528
169
1777
13
196
690
529
1890
1505
60
974
154
1696
420
170
409
205
195
697
1688
804
1535
122
258
889
696
105
765
885
201
293
3003
178
172
166
528
169
1777
13
196
690
529
1890
1505
60
974
154
1696
420
170
409
205
195
697
1688
804
1535
122
258
889
696
105
765
885
201
293
3003
178
172
166
528
169
1777
13
196
690
529
1890
1505
60
974
154
1696
420
170
409
205
195
697
1688
804
1535
122
258
889
696
105
765
885
201
293
3003
178
172
166
528
169
1777
13
196
690
529
1890
1505
60
974
154
1696
420
170
409
205
195
697
1688
804
1535
122
258
889
696
105
765
885
201
293
3003
178
172
166
528
169
1777
13
196
690
529
1890
1505
60
974
154
1696
420
170
409
205
195
697
1688
804
1535
122
258
889
696
105
765
885
201
293
3003
