106
7
122
60
18
30
44
128
53
66
106
7
122
60
18
30
44
128
53
66
106
7
122
60
18
30
44
128
53
66
106
7
122
60
18
30
44
128
53
66
106
7
122
60
18
30
44
128
53
66
106
7
122
60
18
30
44
128
53
66
106
7
122
60
18
30
44
128
53
66
106
7
122
60
18
30
44
128
53
66
106
7
122
60
18
30
44
128
53
66
106
7
122
60
18
30
44
128
53
66
106
7
122
60
18
30
44
128
53
66
106
7
122
60
18
30
44
128
53
66
106
7
122
60
18
30
44
128
53
66
106
7
122
60
18
30
44
128
53
66
106
7
122
60
18
30
44
128
53
66
106
7
122
60
18
30
44
128
53
66
106
7
122
60
18
30
44
128
53
66
106
7
122
60
18
30
44
128
53
66
106
7
122
60
18
30
44
128
53
66
106
7
122
60
18
30
44
128
53
66
106
7
122
60
18
30
44
128
53
66
106
7
122
60
18
30
44
128
53
66
106
7
122
60
18
30
44
128
53
66
106
7
122
60
18
30
44
128
53
66
106
7
122
60
18
30
44
128
53
66
106
7
122
60
18
30
44
128
53
66
106
7
122
60
18
30
44
128
53
66
106
7
122
60
18
30
44
128
53
66
106
7
122
60
18
30
44
128
53
66
106
7
122
60
18
30
44
128
53
66
106
7
122
60
18
30
44
128
53
66
106
7
122
60
18
30
44
128
53
66
106
7
122
60
18
30
44
128
53
66
106
7
122
60
18
30
44
128
53
66
106
7
122
60
18
30
44
128
53
66
106
7
122
60
18
30
44
128
53
66
106
7
122
60
18
30
44
128
53
66
106
7
122
60
18
30
44
128
53
66
106
7
122
60
18
30
44
128
53
66
106
7
122
60
18
30
44
128
53
66
106
7
122
60
18
30
44
128
53
66
106
7
122
60
18
30
44
128
53
66
106
7
122
60
18
30
44
128
53
66
106
7
122
60
18
30
44
128
53
66
106
7
122
60
18
30
44
128
53
66
106
7
122
60
18
30
44
128
53
66
106
7
122
60
18
30
44
128
53
66
106
7
122
60
18
30
44
128
53
66
106
7
122
60
18
30
44
128
53
66
106
7
122
60
18
30
44
128
53
66
