111
38
74
1
87
73
204
15
19
112
111
38
74
1
87
73
204
15
19
112
111
38
74
1
87
73
204
15
19
112
111
38
74
1
87
73
204
15
19
112
111
38
74
1
87
73
204
15
19
112
111
38
74
1
87
73
204
15
19
112
111
38
74
1
87
73
204
15
19
112
111
38
74
1
87
73
204
15
19
112
111
38
74
1
87
73
204
15
19
112
111
38
74
1
87
73
204
15
19
112
111
38
74
1
87
73
204
15
19
112
111
38
74
1
87
73
204
15
19
112
111
38
74
1
87
73
204
15
19
112
111
38
74
1
87
73
204
15
19
112
111
38
74
1
87
73
204
15
19
112
111
38
74
1
87
73
204
15
19
112
111
38
74
1
87
73
204
15
19
112
111
38
74
1
87
73
204
15
19
112
111
38
74
1
87
73
204
15
19
112
111
38
74
1
87
73
204
15
19
112
111
38
74
1
87
73
204
15
19
112
111
38
74
1
87
73
204
15
19
112
111
38
74
1
87
73
204
15
19
112
111
38
74
1
87
73
204
15
19
112
111
38
74
1
87
73
204
15
19
112
111
38
74
1
87
73
204
15
19
112
111
38
74
1
87
73
204
15
19
112
111
38
74
1
87
73
204
15
19
112
111
38
74
1
87
73
204
15
19
112
111
38
74
1
87
73
204
15
19
112
111
38
74
1
87
73
204
15
19
112
111
38
74
1
87
73
204
15
19
112
111
38
74
1
87
73
204
15
19
112
111
38
74
1
87
73
204
15
19
112
111
38
74
1
87
73
204
15
19
112
111
38
74
1
87
73
204
15
19
112
111
38
74
1
87
73
204
15
19
112
111
38
74
1
87
73
204
15
19
112
111
38
74
1
87
73
204
15
19
112
111
38
74
1
87
73
204
15
19
112
111
38
74
1
87
73
204
15
19
112
111
38
74
1
87
73
204
15
19
112
111
38
74
1
87
73
204
15
19
112
111
38
74
1
87
73
204
15
19
112
111
38
74
1
87
73
204
15
19
112
111
38
74
1
87
73
204
15
19
112
111
38
74
1
87
73
204
15
19
112
111
38
74
1
87
73
204
15
19
112
111
38
74
1
87
73
204
15
19
112
111
38
74
1
87
73
204
15
19
112
