6
2
1
59
11
40
5
93
213
58
6
2
1
59
11
40
5
93
213
58
6
2
1
59
11
40
5
93
213
58
6
2
1
59
11
40
5
93
213
58
6
2
1
59
11
40
5
93
213
58
6
2
1
59
11
40
5
93
213
58
6
2
1
59
11
40
5
93
213
58
6
2
1
59
11
40
5
93
213
58
6
2
1
59
11
40
5
93
213
58
6
2
1
59
11
40
5
93
213
58
6
2
1
59
11
40
5
93
213
58
6
2
1
59
11
40
5
93
213
58
6
2
1
59
11
40
5
93
213
58
6
2
1
59
11
40
5
93
213
58
6
2
1
59
11
40
5
93
213
58
6
2
1
59
11
40
5
93
213
58
6
2
1
59
11
40
5
93
213
58
6
2
1
59
11
40
5
93
213
58
6
2
1
59
11
40
5
93
213
58
6
2
1
59
11
40
5
93
213
58
6
2
1
59
11
40
5
93
213
58
6
2
1
59
11
40
5
93
213
58
6
2
1
59
11
40
5
93
213
58
6
2
1
59
11
40
5
93
213
58
6
2
1
59
11
40
5
93
213
58
6
2
1
59
11
40
5
93
213
58
6
2
1
59
11
40
5
93
213
58
6
2
1
59
11
40
5
93
213
58
6
2
1
59
11
40
5
93
213
58
6
2
1
59
11
40
5
93
213
58
6
2
1
59
11
40
5
93
213
58
6
2
1
59
11
40
5
93
213
58
6
2
1
59
11
40
5
93
213
58
6
2
1
59
11
40
5
93
213
58
6
2
1
59
11
40
5
93
213
58
6
2
1
59
11
40
5
93
213
58
6
2
1
59
11
40
5
93
213
58
6
2
1
59
11
40
5
93
213
58
6
2
1
59
11
40
5
93
213
58
6
2
1
59
11
40
5
93
213
58
6
2
1
59
11
40
5
93
213
58
6
2
1
59
11
40
5
93
213
58
6
2
1
59
11
40
5
93
213
58
6
2
1
59
11
40
5
93
213
58
6
2
1
59
11
40
5
93
213
58
6
2
1
59
11
40
5
93
213
58
6
2
1
59
11
40
5
93
213
58
6
2
1
59
11
40
5
93
213
58
6
2
1
59
11
40
5
93
213
58
6
2
1
59
11
40
5
93
213
58
