4
118
110
51
177
57
34
179
10
61
4
118
110
51
177
57
34
179
10
61
4
118
110
51
177
57
34
179
10
61
4
118
110
51
177
57
34
179
10
61
4
118
110
51
177
57
34
179
10
61
4
118
110
51
177
57
34
179
10
61
4
118
110
51
177
57
34
179
10
61
4
118
110
51
177
57
34
179
10
61
4
118
110
51
177
57
34
179
10
61
4
118
110
51
177
57
34
179
10
61
4
118
110
51
177
57
34
179
10
61
4
118
110
51
177
57
34
179
10
61
4
118
110
51
177
57
34
179
10
61
4
118
110
51
177
57
34
179
10
61
4
118
110
51
177
57
34
179
10
61
4
118
110
51
177
57
34
179
10
61
4
118
110
51
177
57
34
179
10
61
4
118
110
51
177
57
34
179
10
61
4
118
110
51
177
57
34
179
10
61
4
118
110
51
177
57
34
179
10
61
4
118
110
51
177
57
34
179
10
61
4
118
110
51
177
57
34
179
10
61
4
118
110
51
177
57
34
179
10
61
4
118
110
51
177
57
34
179
10
61
4
118
110
51
177
57
34
179
10
61
4
118
110
51
177
57
34
179
10
61
4
118
110
51
177
57
34
179
10
61
4
118
110
51
177
57
34
179
10
61
4
118
110
51
177
57
34
179
10
61
4
118
110
51
177
57
34
179
10
61
4
118
110
51
177
57
34
179
10
61
4
118
110
51
177
57
34
179
10
61
4
118
110
51
177
57
34
179
10
61
4
118
110
51
177
57
34
179
10
61
4
118
110
51
177
57
34
179
10
61
4
118
110
51
177
57
34
179
10
61
4
118
110
51
177
57
34
179
10
61
4
118
110
51
177
57
34
179
10
61
4
118
110
51
177
57
34
179
10
61
4
118
110
51
177
57
34
179
10
61
4
118
110
51
177
57
34
179
10
61
4
118
110
51
177
57
34
179
10
61
4
118
110
51
177
57
34
179
10
61
4
118
110
51
177
57
34
179
10
61
4
118
110
51
177
57
34
179
10
61
4
118
110
51
177
57
34
179
10
61
4
118
110
51
177
57
34
179
10
61
4
118
110
51
177
57
34
179
10
61
4
118
110
51
177
57
34
179
10
61
4
118
110
51
177
57
34
179
10
61
