3
13
170
8
39
4
222
61
40
12
3
13
170
8
39
4
222
61
40
12
3
13
170
8
39
4
222
61
40
12
3
13
170
8
39
4
222
61
40
12
3
13
170
8
39
4
222
61
40
12
3
13
170
8
39
4
222
61
40
12
3
13
170
8
39
4
222
61
40
12
3
13
170
8
39
4
222
61
40
12
3
13
170
8
39
4
222
61
40
12
3
13
170
8
39
4
222
61
40
12
3
13
170
8
39
4
222
61
40
12
3
13
170
8
39
4
222
61
40
12
3
13
170
8
39
4
222
61
40
12
3
13
170
8
39
4
222
61
40
12
3
13
170
8
39
4
222
61
40
12
3
13
170
8
39
4
222
61
40
12
3
13
170
8
39
4
222
61
40
12
3
13
170
8
39
4
222
61
40
12
3
13
170
8
39
4
222
61
40
12
3
13
170
8
39
4
222
61
40
12
3
13
170
8
39
4
222
61
40
12
3
13
170
8
39
4
222
61
40
12
3
13
170
8
39
4
222
61
40
12
3
13
170
8
39
4
222
61
40
12
3
13
170
8
39
4
222
61
40
12
3
13
170
8
39
4
222
61
40
12
3
13
170
8
39
4
222
61
40
12
3
13
170
8
39
4
222
61
40
12
3
13
170
8
39
4
222
61
40
12
3
13
170
8
39
4
222
61
40
12
3
13
170
8
39
4
222
61
40
12
3
13
170
8
39
4
222
61
40
12
3
13
170
8
39
4
222
61
40
12
3
13
170
8
39
4
222
61
40
12
3
13
170
8
39
4
222
61
40
12
3
13
170
8
39
4
222
61
40
12
3
13
170
8
39
4
222
61
40
12
3
13
170
8
39
4
222
61
40
12
3
13
170
8
39
4
222
61
40
12
3
13
170
8
39
4
222
61
40
12
3
13
170
8
39
4
222
61
40
12
3
13
170
8
39
4
222
61
40
12
3
13
170
8
39
4
222
61
40
12
3
13
170
8
39
4
222
61
40
12
3
13
170
8
39
4
222
61
40
12
3
13
170
8
39
4
222
61
40
12
3
13
170
8
39
4
222
61
40
12
3
13
170
8
39
4
222
61
40
12
3
13
170
8
39
4
222
61
40
12
3
13
170
8
39
4
222
61
40
12
