1
75
70
77
39
90
87
20
64
215
1
75
70
77
39
90
87
20
64
215
1
75
70
77
39
90
87
20
64
215
1
75
70
77
39
90
87
20
64
215
1
75
70
77
39
90
87
20
64
215
1
75
70
77
39
90
87
20
64
215
1
75
70
77
39
90
87
20
64
215
1
75
70
77
39
90
87
20
64
215
1
75
70
77
39
90
87
20
64
215
1
75
70
77
39
90
87
20
64
215
1
75
70
77
39
90
87
20
64
215
1
75
70
77
39
90
87
20
64
215
1
75
70
77
39
90
87
20
64
215
1
75
70
77
39
90
87
20
64
215
1
75
70
77
39
90
87
20
64
215
1
75
70
77
39
90
87
20
64
215
1
75
70
77
39
90
87
20
64
215
1
75
70
77
39
90
87
20
64
215
1
75
70
77
39
90
87
20
64
215
1
75
70
77
39
90
87
20
64
215
1
75
70
77
39
90
87
20
64
215
1
75
70
77
39
90
87
20
64
215
1
75
70
77
39
90
87
20
64
215
1
75
70
77
39
90
87
20
64
215
1
75
70
77
39
90
87
20
64
215
1
75
70
77
39
90
87
20
64
215
1
75
70
77
39
90
87
20
64
215
1
75
70
77
39
90
87
20
64
215
1
75
70
77
39
90
87
20
64
215
1
75
70
77
39
90
87
20
64
215
1
75
70
77
39
90
87
20
64
215
1
75
70
77
39
90
87
20
64
215
1
75
70
77
39
90
87
20
64
215
1
75
70
77
39
90
87
20
64
215
1
75
70
77
39
90
87
20
64
215
1
75
70
77
39
90
87
20
64
215
1
75
70
77
39
90
87
20
64
215
1
75
70
77
39
90
87
20
64
215
1
75
70
77
39
90
87
20
64
215
1
75
70
77
39
90
87
20
64
215
1
75
70
77
39
90
87
20
64
215
1
75
70
77
39
90
87
20
64
215
1
75
70
77
39
90
87
20
64
215
1
75
70
77
39
90
87
20
64
215
1
75
70
77
39
90
87
20
64
215
1
75
70
77
39
90
87
20
64
215
1
75
70
77
39
90
87
20
64
215
1
75
70
77
39
90
87
20
64
215
1
75
70
77
39
90
87
20
64
215
1
75
70
77
39
90
87
20
64
215
