27
90
13
243
183
132
246
12
129
41
27
90
13
243
183
132
246
12
129
41
27
90
13
243
183
132
246
12
129
41
27
90
13
243
183
132
246
12
129
41
27
90
13
243
183
132
246
12
129
41
27
90
13
243
183
132
246
12
129
41
27
90
13
243
183
132
246
12
129
41
27
90
13
243
183
132
246
12
129
41
27
90
13
243
183
132
246
12
129
41
27
90
13
243
183
132
246
12
129
41
27
90
13
243
183
132
246
12
129
41
27
90
13
243
183
132
246
12
129
41
27
90
13
243
183
132
246
12
129
41
27
90
13
243
183
132
246
12
129
41
27
90
13
243
183
132
246
12
129
41
27
90
13
243
183
132
246
12
129
41
27
90
13
243
183
132
246
12
129
41
27
90
13
243
183
132
246
12
129
41
27
90
13
243
183
132
246
12
129
41
27
90
13
243
183
132
246
12
129
41
27
90
13
243
183
132
246
12
129
41
27
90
13
243
183
132
246
12
129
41
27
90
13
243
183
132
246
12
129
41
27
90
13
243
183
132
246
12
129
41
27
90
13
243
183
132
246
12
129
41
27
90
13
243
183
132
246
12
129
41
27
90
13
243
183
132
246
12
129
41
27
90
13
243
183
132
246
12
129
41
27
90
13
243
183
132
246
12
129
41
27
90
13
243
183
132
246
12
129
41
27
90
13
243
183
132
246
12
129
41
27
90
13
243
183
132
246
12
129
41
27
90
13
243
183
132
246
12
129
41
27
90
13
243
183
132
246
12
129
41
27
90
13
243
183
132
246
12
129
41
27
90
13
243
183
132
246
12
129
41
27
90
13
243
183
132
246
12
129
41
27
90
13
243
183
132
246
12
129
41
27
90
13
243
183
132
246
12
129
41
27
90
13
243
183
132
246
12
129
41
27
90
13
243
183
132
246
12
129
41
27
90
13
243
183
132
246
12
129
41
27
90
13
243
183
132
246
12
129
41
27
90
13
243
183
132
246
12
129
41
27
90
13
243
183
132
246
12
129
41
27
90
13
243
183
132
246
12
129
41
27
90
13
243
183
132
246
12
129
41
27
90
13
243
183
132
246
12
129
41
27
90
13
243
183
132
246
12
129
41
27
90
13
243
183
132
246
12
129
41
