60
47
48
170
65
22
71
63
53
68
60
47
48
170
65
22
71
63
53
68
60
47
48
170
65
22
71
63
53
68
60
47
48
170
65
22
71
63
53
68
60
47
48
170
65
22
71
63
53
68
60
47
48
170
65
22
71
63
53
68
60
47
48
170
65
22
71
63
53
68
60
47
48
170
65
22
71
63
53
68
60
47
48
170
65
22
71
63
53
68
60
47
48
170
65
22
71
63
53
68
60
47
48
170
65
22
71
63
53
68
60
47
48
170
65
22
71
63
53
68
60
47
48
170
65
22
71
63
53
68
60
47
48
170
65
22
71
63
53
68
60
47
48
170
65
22
71
63
53
68
60
47
48
170
65
22
71
63
53
68
60
47
48
170
65
22
71
63
53
68
60
47
48
170
65
22
71
63
53
68
60
47
48
170
65
22
71
63
53
68
60
47
48
170
65
22
71
63
53
68
60
47
48
170
65
22
71
63
53
68
60
47
48
170
65
22
71
63
53
68
60
47
48
170
65
22
71
63
53
68
60
47
48
170
65
22
71
63
53
68
60
47
48
170
65
22
71
63
53
68
60
47
48
170
65
22
71
63
53
68
60
47
48
170
65
22
71
63
53
68
60
47
48
170
65
22
71
63
53
68
60
47
48
170
65
22
71
63
53
68
60
47
48
170
65
22
71
63
53
68
60
47
48
170
65
22
71
63
53
68
60
47
48
170
65
22
71
63
53
68
60
47
48
170
65
22
71
63
53
68
60
47
48
170
65
22
71
63
53
68
60
47
48
170
65
22
71
63
53
68
60
47
48
170
65
22
71
63
53
68
60
47
48
170
65
22
71
63
53
68
60
47
48
170
65
22
71
63
53
68
60
47
48
170
65
22
71
63
53
68
60
47
48
170
65
22
71
63
53
68
60
47
48
170
65
22
71
63
53
68
60
47
48
170
65
22
71
63
53
68
60
47
48
170
65
22
71
63
53
68
60
47
48
170
65
22
71
63
53
68
60
47
48
170
65
22
71
63
53
68
60
47
48
170
65
22
71
63
53
68
60
47
48
170
65
22
71
63
53
68
60
47
48
170
65
22
71
63
53
68
60
47
48
170
65
22
71
63
53
68
60
47
48
170
65
22
71
63
53
68
