121
1
123
4
89
34
50
6
2
27
121
1
123
4
89
34
50
6
2
27
121
1
123
4
89
34
50
6
2
27
121
1
123
4
89
34
50
6
2
27
121
1
123
4
89
34
50
6
2
27
121
1
123
4
89
34
50
6
2
27
121
1
123
4
89
34
50
6
2
27
121
1
123
4
89
34
50
6
2
27
121
1
123
4
89
34
50
6
2
27
121
1
123
4
89
34
50
6
2
27
121
1
123
4
89
34
50
6
2
27
121
1
123
4
89
34
50
6
2
27
121
1
123
4
89
34
50
6
2
27
121
1
123
4
89
34
50
6
2
27
121
1
123
4
89
34
50
6
2
27
121
1
123
4
89
34
50
6
2
27
121
1
123
4
89
34
50
6
2
27
121
1
123
4
89
34
50
6
2
27
121
1
123
4
89
34
50
6
2
27
121
1
123
4
89
34
50
6
2
27
121
1
123
4
89
34
50
6
2
27
121
1
123
4
89
34
50
6
2
27
121
1
123
4
89
34
50
6
2
27
121
1
123
4
89
34
50
6
2
27
121
1
123
4
89
34
50
6
2
27
121
1
123
4
89
34
50
6
2
27
121
1
123
4
89
34
50
6
2
27
121
1
123
4
89
34
50
6
2
27
121
1
123
4
89
34
50
6
2
27
121
1
123
4
89
34
50
6
2
27
121
1
123
4
89
34
50
6
2
27
121
1
123
4
89
34
50
6
2
27
121
1
123
4
89
34
50
6
2
27
121
1
123
4
89
34
50
6
2
27
121
1
123
4
89
34
50
6
2
27
121
1
123
4
89
34
50
6
2
27
121
1
123
4
89
34
50
6
2
27
121
1
123
4
89
34
50
6
2
27
121
1
123
4
89
34
50
6
2
27
121
1
123
4
89
34
50
6
2
27
121
1
123
4
89
34
50
6
2
27
121
1
123
4
89
34
50
6
2
27
121
1
123
4
89
34
50
6
2
27
121
1
123
4
89
34
50
6
2
27
121
1
123
4
89
34
50
6
2
27
121
1
123
4
89
34
50
6
2
27
121
1
123
4
89
34
50
6
2
27
121
1
123
4
89
34
50
6
2
27
121
1
123
4
89
34
50
6
2
27
121
1
123
4
89
34
50
6
2
27
