9
3
6
165
176
164
11
147
87
189
9
3
6
165
176
164
11
147
87
189
9
3
6
165
176
164
11
147
87
189
9
3
6
165
176
164
11
147
87
189
9
3
6
165
176
164
11
147
87
189
9
3
6
165
176
164
11
147
87
189
9
3
6
165
176
164
11
147
87
189
9
3
6
165
176
164
11
147
87
189
9
3
6
165
176
164
11
147
87
189
9
3
6
165
176
164
11
147
87
189
9
3
6
165
176
164
11
147
87
189
9
3
6
165
176
164
11
147
87
189
9
3
6
165
176
164
11
147
87
189
9
3
6
165
176
164
11
147
87
189
9
3
6
165
176
164
11
147
87
189
9
3
6
165
176
164
11
147
87
189
9
3
6
165
176
164
11
147
87
189
9
3
6
165
176
164
11
147
87
189
9
3
6
165
176
164
11
147
87
189
9
3
6
165
176
164
11
147
87
189
9
3
6
165
176
164
11
147
87
189
9
3
6
165
176
164
11
147
87
189
9
3
6
165
176
164
11
147
87
189
9
3
6
165
176
164
11
147
87
189
9
3
6
165
176
164
11
147
87
189
9
3
6
165
176
164
11
147
87
189
9
3
6
165
176
164
11
147
87
189
9
3
6
165
176
164
11
147
87
189
9
3
6
165
176
164
11
147
87
189
9
3
6
165
176
164
11
147
87
189
9
3
6
165
176
164
11
147
87
189
9
3
6
165
176
164
11
147
87
189
9
3
6
165
176
164
11
147
87
189
9
3
6
165
176
164
11
147
87
189
9
3
6
165
176
164
11
147
87
189
9
3
6
165
176
164
11
147
87
189
9
3
6
165
176
164
11
147
87
189
9
3
6
165
176
164
11
147
87
189
9
3
6
165
176
164
11
147
87
189
9
3
6
165
176
164
11
147
87
189
9
3
6
165
176
164
11
147
87
189
9
3
6
165
176
164
11
147
87
189
9
3
6
165
176
164
11
147
87
189
9
3
6
165
176
164
11
147
87
189
9
3
6
165
176
164
11
147
87
189
9
3
6
165
176
164
11
147
87
189
9
3
6
165
176
164
11
147
87
189
9
3
6
165
176
164
11
147
87
189
9
3
6
165
176
164
11
147
87
189
9
3
6
165
176
164
11
147
87
189
