59
49
57
148
10
135
53
77
145
107
59
49
57
148
10
135
53
77
145
107
59
49
57
148
10
135
53
77
145
107
59
49
57
148
10
135
53
77
145
107
59
49
57
148
10
135
53
77
145
107
59
49
57
148
10
135
53
77
145
107
59
49
57
148
10
135
53
77
145
107
59
49
57
148
10
135
53
77
145
107
59
49
57
148
10
135
53
77
145
107
59
49
57
148
10
135
53
77
145
107
59
49
57
148
10
135
53
77
145
107
59
49
57
148
10
135
53
77
145
107
59
49
57
148
10
135
53
77
145
107
59
49
57
148
10
135
53
77
145
107
59
49
57
148
10
135
53
77
145
107
59
49
57
148
10
135
53
77
145
107
59
49
57
148
10
135
53
77
145
107
59
49
57
148
10
135
53
77
145
107
59
49
57
148
10
135
53
77
145
107
59
49
57
148
10
135
53
77
145
107
59
49
57
148
10
135
53
77
145
107
59
49
57
148
10
135
53
77
145
107
59
49
57
148
10
135
53
77
145
107
59
49
57
148
10
135
53
77
145
107
59
49
57
148
10
135
53
77
145
107
59
49
57
148
10
135
53
77
145
107
59
49
57
148
10
135
53
77
145
107
59
49
57
148
10
135
53
77
145
107
59
49
57
148
10
135
53
77
145
107
59
49
57
148
10
135
53
77
145
107
59
49
57
148
10
135
53
77
145
107
59
49
57
148
10
135
53
77
145
107
59
49
57
148
10
135
53
77
145
107
59
49
57
148
10
135
53
77
145
107
59
49
57
148
10
135
53
77
145
107
59
49
57
148
10
135
53
77
145
107
59
49
57
148
10
135
53
77
145
107
59
49
57
148
10
135
53
77
145
107
59
49
57
148
10
135
53
77
145
107
59
49
57
148
10
135
53
77
145
107
59
49
57
148
10
135
53
77
145
107
59
49
57
148
10
135
53
77
145
107
59
49
57
148
10
135
53
77
145
107
59
49
57
148
10
135
53
77
145
107
59
49
57
148
10
135
53
77
145
107
59
49
57
148
10
135
53
77
145
107
59
49
57
148
10
135
53
77
145
107
59
49
57
148
10
135
53
77
145
107
59
49
57
148
10
135
53
77
145
107
59
49
57
148
10
135
53
77
145
107
