24
49
51
29
132
52
50
86
137
94
24
49
51
29
132
52
50
86
137
94
24
49
51
29
132
52
50
86
137
94
24
49
51
29
132
52
50
86
137
94
24
49
51
29
132
52
50
86
137
94
24
49
51
29
132
52
50
86
137
94
24
49
51
29
132
52
50
86
137
94
24
49
51
29
132
52
50
86
137
94
24
49
51
29
132
52
50
86
137
94
24
49
51
29
132
52
50
86
137
94
24
49
51
29
132
52
50
86
137
94
24
49
51
29
132
52
50
86
137
94
24
49
51
29
132
52
50
86
137
94
24
49
51
29
132
52
50
86
137
94
24
49
51
29
132
52
50
86
137
94
24
49
51
29
132
52
50
86
137
94
24
49
51
29
132
52
50
86
137
94
24
49
51
29
132
52
50
86
137
94
24
49
51
29
132
52
50
86
137
94
24
49
51
29
132
52
50
86
137
94
24
49
51
29
132
52
50
86
137
94
24
49
51
29
132
52
50
86
137
94
24
49
51
29
132
52
50
86
137
94
24
49
51
29
132
52
50
86
137
94
24
49
51
29
132
52
50
86
137
94
24
49
51
29
132
52
50
86
137
94
24
49
51
29
132
52
50
86
137
94
24
49
51
29
132
52
50
86
137
94
24
49
51
29
132
52
50
86
137
94
24
49
51
29
132
52
50
86
137
94
24
49
51
29
132
52
50
86
137
94
24
49
51
29
132
52
50
86
137
94
24
49
51
29
132
52
50
86
137
94
24
49
51
29
132
52
50
86
137
94
24
49
51
29
132
52
50
86
137
94
24
49
51
29
132
52
50
86
137
94
24
49
51
29
132
52
50
86
137
94
24
49
51
29
132
52
50
86
137
94
24
49
51
29
132
52
50
86
137
94
24
49
51
29
132
52
50
86
137
94
24
49
51
29
132
52
50
86
137
94
24
49
51
29
132
52
50
86
137
94
24
49
51
29
132
52
50
86
137
94
24
49
51
29
132
52
50
86
137
94
24
49
51
29
132
52
50
86
137
94
24
49
51
29
132
52
50
86
137
94
24
49
51
29
132
52
50
86
137
94
24
49
51
29
132
52
50
86
137
94
24
49
51
29
132
52
50
86
137
94
24
49
51
29
132
52
50
86
137
94
