11
108
75
2
17
115
111
113
57
54
53
18
11
108
75
2
17
115
111
113
57
54
53
18
11
108
75
2
17
115
111
113
57
54
53
18
11
108
75
2
17
115
111
113
57
54
53
18
11
108
75
2
17
115
111
113
57
54
53
18
11
108
75
2
17
115
111
113
57
54
53
18
11
108
75
2
17
115
111
113
57
54
53
18
11
108
75
2
17
115
111
113
57
54
53
18
11
108
75
2
17
115
111
113
57
54
53
18
11
108
75
2
17
115
111
113
57
54
53
18
11
108
75
2
17
115
111
113
57
54
53
18
11
108
75
2
17
115
111
113
57
54
53
18
11
108
75
2
17
115
111
113
57
54
53
18
11
108
75
2
17
115
111
113
57
54
53
18
11
108
75
2
17
115
111
113
57
54
53
18
11
108
75
2
17
115
111
113
57
54
53
18
11
108
75
2
17
115
111
113
57
54
53
18
11
108
75
2
17
115
111
113
57
54
53
18
11
108
75
2
17
115
111
113
57
54
53
18
11
108
75
2
17
115
111
113
57
54
53
18
11
108
75
2
17
115
111
113
57
54
53
18
11
108
75
2
17
115
111
113
57
54
53
18
11
108
75
2
17
115
111
113
57
54
53
18
11
108
75
2
17
115
111
113
57
54
53
18
11
108
75
2
17
115
111
113
57
54
53
18
11
108
75
2
17
115
111
113
57
54
53
18
11
108
75
2
17
115
111
113
57
54
53
18
11
108
75
2
17
115
111
113
57
54
53
18
11
108
75
2
17
115
111
113
57
54
53
18
11
108
75
2
17
115
111
113
57
54
53
18
11
108
75
2
17
115
111
113
57
54
53
18
11
108
75
2
17
115
111
113
57
54
53
18
11
108
75
2
17
115
111
113
57
54
53
18
11
108
75
2
17
115
111
113
57
54
53
18
11
108
75
2
17
115
111
113
57
54
53
18
11
108
75
2
17
115
111
113
57
54
53
18
11
108
75
2
17
115
111
113
57
54
53
18
11
108
75
2
17
115
111
113
57
54
53
18
11
108
75
2
17
115
111
113
57
54
53
18
11
108
75
2
17
115
111
113
57
54
53
18
11
108
75
2
17
115
111
113
57
54
53
18
11
108
75
2
17
115
111
113
57
54
53
18
11
108
75
2
17
115
111
113
57
54
53
18
11
108
75
2
17
115
111
113
57
54
53
18
11
108
75
2
17
115
111
113
57
54
53
18
11
108
75
2
17
115
111
113
57
54
53
18
11
108
75
2
17
115
111
113
57
54
53
18
11
108
75
2
17
115
111
113
57
54
53
18
11
108
75
2
17
115
111
113
57
54
53
18
11
108
75
2
17
115
111
113
57
54
53
18
