0
35
1
40
4
0
35
1
40
4
0
35
1
40
4
0
35
1
40
4
0
35
1
40
4
0
35
1
40
4
0
35
1
40
4
0
35
1
40
4
0
35
1
40
4
0
35
1
40
4
0
35
1
40
4
0
35
1
40
4
0
35
1
40
4
0
35
1
40
4
0
35
1
40
4
0
35
1
40
4
0
35
1
40
4
0
35
1
40
4
0
35
1
40
4
0
35
1
40
4
0
35
1
40
4
0
35
1
40
4
0
35
1
40
4
0
35
1
40
4
0
35
1
40
4
0
35
1
40
4
0
35
1
40
4
0
35
1
40
4
0
35
1
40
4
0
35
1
40
4
0
35
1
40
4
0
35
1
40
4
0
35
1
40
4
0
35
1
40
4
0
35
1
40
4
0
35
1
40
4
0
35
1
40
4
0
35
1
40
4
0
35
1
40
4
0
35
1
40
4
0
35
1
40
4
0
35
1
40
4
0
35
1
40
4
0
35
1
40
4
0
35
1
40
4
0
35
1
40
4
0
35
1
40
4
0
35
1
40
4
0
35
1
40
4
0
35
1
40
4
