1
3
23
12
22
1
3
23
12
22
1
3
23
12
22
1
3
23
12
22
1
3
23
12
22
1
3
23
12
22
1
3
23
12
22
1
3
23
12
22
1
3
23
12
22
1
3
23
12
22
1
3
23
12
22
1
3
23
12
22
1
3
23
12
22
1
3
23
12
22
1
3
23
12
22
1
3
23
12
22
1
3
23
12
22
1
3
23
12
22
1
3
23
12
22
1
3
23
12
22
1
3
23
12
22
1
3
23
12
22
1
3
23
12
22
1
3
23
12
22
1
3
23
12
22
1
3
23
12
22
1
3
23
12
22
1
3
23
12
22
1
3
23
12
22
1
3
23
12
22
1
3
23
12
22
1
3
23
12
22
1
3
23
12
22
1
3
23
12
22
1
3
23
12
22
1
3
23
12
22
1
3
23
12
22
1
3
23
12
22
1
3
23
12
22
1
3
23
12
22
1
3
23
12
22
1
3
23
12
22
1
3
23
12
22
1
3
23
12
22
1
3
23
12
22
1
3
23
12
22
1
3
23
12
22
1
3
23
12
22
1
3
23
12
22
1
3
23
12
22
