15
35
23
3
11
15
35
23
3
11
15
35
23
3
11
15
35
23
3
11
15
35
23
3
11
15
35
23
3
11
15
35
23
3
11
15
35
23
3
11
15
35
23
3
11
15
35
23
3
11
15
35
23
3
11
15
35
23
3
11
15
35
23
3
11
15
35
23
3
11
15
35
23
3
11
15
35
23
3
11
15
35
23
3
11
15
35
23
3
11
15
35
23
3
11
15
35
23
3
11
15
35
23
3
11
15
35
23
3
11
15
35
23
3
11
15
35
23
3
11
15
35
23
3
11
15
35
23
3
11
15
35
23
3
11
15
35
23
3
11
15
35
23
3
11
15
35
23
3
11
15
35
23
3
11
15
35
23
3
11
15
35
23
3
11
15
35
23
3
11
15
35
23
3
11
15
35
23
3
11
15
35
23
3
11
15
35
23
3
11
15
35
23
3
11
15
35
23
3
11
15
35
23
3
11
15
35
23
3
11
15
35
23
3
11
15
35
23
3
11
15
35
23
3
11
15
35
23
3
11
15
35
23
3
11
15
35
23
3
11
15
35
23
3
11
15
35
23
3
11
