11
13
30
23
40
11
13
30
23
40
11
13
30
23
40
11
13
30
23
40
11
13
30
23
40
11
13
30
23
40
11
13
30
23
40
11
13
30
23
40
11
13
30
23
40
11
13
30
23
40
11
13
30
23
40
11
13
30
23
40
11
13
30
23
40
11
13
30
23
40
11
13
30
23
40
11
13
30
23
40
11
13
30
23
40
11
13
30
23
40
11
13
30
23
40
11
13
30
23
40
11
13
30
23
40
11
13
30
23
40
11
13
30
23
40
11
13
30
23
40
11
13
30
23
40
11
13
30
23
40
11
13
30
23
40
11
13
30
23
40
11
13
30
23
40
11
13
30
23
40
11
13
30
23
40
11
13
30
23
40
11
13
30
23
40
11
13
30
23
40
11
13
30
23
40
11
13
30
23
40
11
13
30
23
40
11
13
30
23
40
11
13
30
23
40
11
13
30
23
40
11
13
30
23
40
11
13
30
23
40
11
13
30
23
40
11
13
30
23
40
11
13
30
23
40
11
13
30
23
40
11
13
30
23
40
11
13
30
23
40
11
13
30
23
40
11
13
30
23
40
