18
30
5
29
25
18
30
5
29
25
18
30
5
29
25
18
30
5
29
25
18
30
5
29
25
18
30
5
29
25
18
30
5
29
25
18
30
5
29
25
18
30
5
29
25
18
30
5
29
25
18
30
5
29
25
18
30
5
29
25
18
30
5
29
25
18
30
5
29
25
18
30
5
29
25
18
30
5
29
25
18
30
5
29
25
18
30
5
29
25
18
30
5
29
25
18
30
5
29
25
18
30
5
29
25
18
30
5
29
25
18
30
5
29
25
18
30
5
29
25
18
30
5
29
25
18
30
5
29
25
18
30
5
29
25
18
30
5
29
25
18
30
5
29
25
18
30
5
29
25
18
30
5
29
25
18
30
5
29
25
18
30
5
29
25
18
30
5
29
25
18
30
5
29
25
18
30
5
29
25
18
30
5
29
25
18
30
5
29
25
18
30
5
29
25
18
30
5
29
25
18
30
5
29
25
18
30
5
29
25
18
30
5
29
25
18
30
5
29
25
18
30
5
29
25
18
30
5
29
25
18
30
5
29
25
18
30
5
29
25
18
30
5
29
25
18
30
5
29
25
