16
67
12
123
1
119
57
4
101
13
16
67
12
123
1
119
57
4
101
13
16
67
12
123
1
119
57
4
101
13
16
67
12
123
1
119
57
4
101
13
16
67
12
123
1
119
57
4
101
13
16
67
12
123
1
119
57
4
101
13
16
67
12
123
1
119
57
4
101
13
16
67
12
123
1
119
57
4
101
13
16
67
12
123
1
119
57
4
101
13
16
67
12
123
1
119
57
4
101
13
16
67
12
123
1
119
57
4
101
13
16
67
12
123
1
119
57
4
101
13
16
67
12
123
1
119
57
4
101
13
16
67
12
123
1
119
57
4
101
13
16
67
12
123
1
119
57
4
101
13
16
67
12
123
1
119
57
4
101
13
16
67
12
123
1
119
57
4
101
13
16
67
12
123
1
119
57
4
101
13
16
67
12
123
1
119
57
4
101
13
16
67
12
123
1
119
57
4
101
13
16
67
12
123
1
119
57
4
101
13
16
67
12
123
1
119
57
4
101
13
16
67
12
123
1
119
57
4
101
13
16
67
12
123
1
119
57
4
101
13
16
67
12
123
1
119
57
4
101
13
16
67
12
123
1
119
57
4
101
13
16
67
12
123
1
119
57
4
101
13
16
67
12
123
1
119
57
4
101
13
16
67
12
123
1
119
57
4
101
13
16
67
12
123
1
119
57
4
101
13
16
67
12
123
1
119
57
4
101
13
16
67
12
123
1
119
57
4
101
13
16
67
12
123
1
119
57
4
101
13
16
67
12
123
1
119
57
4
101
13
16
67
12
123
1
119
57
4
101
13
16
67
12
123
1
119
57
4
101
13
16
67
12
123
1
119
57
4
101
13
16
67
12
123
1
119
57
4
101
13
16
67
12
123
1
119
57
4
101
13
16
67
12
123
1
119
57
4
101
13
16
67
12
123
1
119
57
4
101
13
16
67
12
123
1
119
57
4
101
13
16
67
12
123
1
119
57
4
101
13
16
67
12
123
1
119
57
4
101
13
16
67
12
123
1
119
57
4
101
13
16
67
12
123
1
119
57
4
101
13
16
67
12
123
1
119
57
4
101
13
16
67
12
123
1
119
57
4
101
13
16
67
12
123
1
119
57
4
101
13
16
67
12
123
1
119
57
4
101
13
