79
46
82
16
111
116
128
57
50
84
79
46
82
16
111
116
128
57
50
84
79
46
82
16
111
116
128
57
50
84
79
46
82
16
111
116
128
57
50
84
79
46
82
16
111
116
128
57
50
84
79
46
82
16
111
116
128
57
50
84
79
46
82
16
111
116
128
57
50
84
79
46
82
16
111
116
128
57
50
84
79
46
82
16
111
116
128
57
50
84
79
46
82
16
111
116
128
57
50
84
79
46
82
16
111
116
128
57
50
84
79
46
82
16
111
116
128
57
50
84
79
46
82
16
111
116
128
57
50
84
79
46
82
16
111
116
128
57
50
84
79
46
82
16
111
116
128
57
50
84
79
46
82
16
111
116
128
57
50
84
79
46
82
16
111
116
128
57
50
84
79
46
82
16
111
116
128
57
50
84
79
46
82
16
111
116
128
57
50
84
79
46
82
16
111
116
128
57
50
84
79
46
82
16
111
116
128
57
50
84
79
46
82
16
111
116
128
57
50
84
79
46
82
16
111
116
128
57
50
84
79
46
82
16
111
116
128
57
50
84
79
46
82
16
111
116
128
57
50
84
79
46
82
16
111
116
128
57
50
84
79
46
82
16
111
116
128
57
50
84
79
46
82
16
111
116
128
57
50
84
79
46
82
16
111
116
128
57
50
84
79
46
82
16
111
116
128
57
50
84
79
46
82
16
111
116
128
57
50
84
79
46
82
16
111
116
128
57
50
84
79
46
82
16
111
116
128
57
50
84
79
46
82
16
111
116
128
57
50
84
79
46
82
16
111
116
128
57
50
84
79
46
82
16
111
116
128
57
50
84
79
46
82
16
111
116
128
57
50
84
79
46
82
16
111
116
128
57
50
84
79
46
82
16
111
116
128
57
50
84
79
46
82
16
111
116
128
57
50
84
79
46
82
16
111
116
128
57
50
84
79
46
82
16
111
116
128
57
50
84
79
46
82
16
111
116
128
57
50
84
79
46
82
16
111
116
128
57
50
84
79
46
82
16
111
116
128
57
50
84
79
46
82
16
111
116
128
57
50
84
79
46
82
16
111
116
128
57
50
84
79
46
82
16
111
116
128
57
50
84
79
46
82
16
111
116
128
57
50
84
79
46
82
16
111
116
128
57
50
84
