18
54
6
20
84
80
103
81
78
23
18
54
6
20
84
80
103
81
78
23
18
54
6
20
84
80
103
81
78
23
18
54
6
20
84
80
103
81
78
23
18
54
6
20
84
80
103
81
78
23
18
54
6
20
84
80
103
81
78
23
18
54
6
20
84
80
103
81
78
23
18
54
6
20
84
80
103
81
78
23
18
54
6
20
84
80
103
81
78
23
18
54
6
20
84
80
103
81
78
23
18
54
6
20
84
80
103
81
78
23
18
54
6
20
84
80
103
81
78
23
18
54
6
20
84
80
103
81
78
23
18
54
6
20
84
80
103
81
78
23
18
54
6
20
84
80
103
81
78
23
18
54
6
20
84
80
103
81
78
23
18
54
6
20
84
80
103
81
78
23
18
54
6
20
84
80
103
81
78
23
18
54
6
20
84
80
103
81
78
23
18
54
6
20
84
80
103
81
78
23
18
54
6
20
84
80
103
81
78
23
18
54
6
20
84
80
103
81
78
23
18
54
6
20
84
80
103
81
78
23
18
54
6
20
84
80
103
81
78
23
18
54
6
20
84
80
103
81
78
23
18
54
6
20
84
80
103
81
78
23
18
54
6
20
84
80
103
81
78
23
18
54
6
20
84
80
103
81
78
23
18
54
6
20
84
80
103
81
78
23
18
54
6
20
84
80
103
81
78
23
18
54
6
20
84
80
103
81
78
23
18
54
6
20
84
80
103
81
78
23
18
54
6
20
84
80
103
81
78
23
18
54
6
20
84
80
103
81
78
23
18
54
6
20
84
80
103
81
78
23
18
54
6
20
84
80
103
81
78
23
18
54
6
20
84
80
103
81
78
23
18
54
6
20
84
80
103
81
78
23
18
54
6
20
84
80
103
81
78
23
18
54
6
20
84
80
103
81
78
23
18
54
6
20
84
80
103
81
78
23
18
54
6
20
84
80
103
81
78
23
18
54
6
20
84
80
103
81
78
23
18
54
6
20
84
80
103
81
78
23
18
54
6
20
84
80
103
81
78
23
18
54
6
20
84
80
103
81
78
23
18
54
6
20
84
80
103
81
78
23
18
54
6
20
84
80
103
81
78
23
18
54
6
20
84
80
103
81
78
23
18
54
6
20
84
80
103
81
78
23
