1
83
3
2
84
9
93
4
11
80
236
143
7
110
81
1
83
3
2
84
9
93
4
11
80
236
143
7
110
81
1
83
3
2
84
9
93
4
11
80
236
143
7
110
81
1
83
3
2
84
9
93
4
11
80
236
143
7
110
81
1
83
3
2
84
9
93
4
11
80
236
143
7
110
81
1
83
3
2
84
9
93
4
11
80
236
143
7
110
81
1
83
3
2
84
9
93
4
11
80
236
143
7
110
81
1
83
3
2
84
9
93
4
11
80
236
143
7
110
81
1
83
3
2
84
9
93
4
11
80
236
143
7
110
81
1
83
3
2
84
9
93
4
11
80
236
143
7
110
81
1
83
3
2
84
9
93
4
11
80
236
143
7
110
81
1
83
3
2
84
9
93
4
11
80
236
143
7
110
81
1
83
3
2
84
9
93
4
11
80
236
143
7
110
81
1
83
3
2
84
9
93
4
11
80
236
143
7
110
81
1
83
3
2
84
9
93
4
11
80
236
143
7
110
81
1
83
3
2
84
9
93
4
11
80
236
143
7
110
81
1
83
3
2
84
9
93
4
11
80
236
143
7
110
81
1
83
3
2
84
9
93
4
11
80
236
143
7
110
81
1
83
3
2
84
9
93
4
11
80
236
143
7
110
81
1
83
3
2
84
9
93
4
11
80
236
143
7
110
81
1
83
3
2
84
9
93
4
11
80
236
143
7
110
81
1
83
3
2
84
9
93
4
11
80
236
143
7
110
81
1
83
3
2
84
9
93
4
11
80
236
143
7
110
81
1
83
3
2
84
9
93
4
11
80
236
143
7
110
81
1
83
3
2
84
9
93
4
11
80
236
143
7
110
81
1
83
3
2
84
9
93
4
11
80
236
143
7
110
81
1
83
3
2
84
9
93
4
11
80
236
143
7
110
81
1
83
3
2
84
9
93
4
11
80
236
143
7
110
81
1
83
3
2
84
9
93
4
11
80
236
143
7
110
81
1
83
3
2
84
9
93
4
11
80
236
143
7
110
81
1
83
3
2
84
9
93
4
11
80
236
143
7
110
81
1
83
3
2
84
9
93
4
11
80
236
143
7
110
81
1
83
3
2
84
9
93
4
11
80
236
143
7
110
81
1
83
3
2
84
9
93
4
11
80
236
143
7
110
81
1
83
3
2
84
9
93
4
11
80
236
143
7
110
81
1
83
3
2
84
9
93
4
11
80
236
143
7
110
81
1
83
3
2
84
9
93
4
11
80
236
143
7
110
81
1
83
3
2
84
9
93
4
11
80
236
143
7
110
81
1
83
3
2
84
9
93
4
11
80
236
143
7
110
81
1
83
3
2
84
9
93
4
11
80
236
143
7
110
81
1
83
3
2
84
9
93
4
11
80
236
143
7
110
81
1
83
3
2
84
9
93
4
11
80
236
143
7
110
81
1
83
3
2
84
9
93
4
11
80
236
143
7
110
81
1
83
3
2
84
9
93
4
11
80
236
143
7
110
81
1
83
3
2
84
9
93
4
11
80
236
143
7
110
81
1
83
3
2
84
9
93
4
11
80
236
143
7
110
81
1
83
3
2
84
9
93
4
11
80
236
143
7
110
81
1
83
3
2
84
9
93
4
11
80
236
143
7
110
81
1
83
3
2
84
9
93
4
11
80
236
143
7
110
81
1
83
3
2
84
9
93
4
11
80
236
143
7
110
81
