17
18
8
50
58
121
1
52
85
126
17
18
8
50
58
121
1
52
85
126
17
18
8
50
58
121
1
52
85
126
17
18
8
50
58
121
1
52
85
126
17
18
8
50
58
121
1
52
85
126
17
18
8
50
58
121
1
52
85
126
17
18
8
50
58
121
1
52
85
126
17
18
8
50
58
121
1
52
85
126
17
18
8
50
58
121
1
52
85
126
17
18
8
50
58
121
1
52
85
126
17
18
8
50
58
121
1
52
85
126
17
18
8
50
58
121
1
52
85
126
17
18
8
50
58
121
1
52
85
126
17
18
8
50
58
121
1
52
85
126
17
18
8
50
58
121
1
52
85
126
17
18
8
50
58
121
1
52
85
126
17
18
8
50
58
121
1
52
85
126
17
18
8
50
58
121
1
52
85
126
17
18
8
50
58
121
1
52
85
126
17
18
8
50
58
121
1
52
85
126
17
18
8
50
58
121
1
52
85
126
17
18
8
50
58
121
1
52
85
126
17
18
8
50
58
121
1
52
85
126
17
18
8
50
58
121
1
52
85
126
17
18
8
50
58
121
1
52
85
126
17
18
8
50
58
121
1
52
85
126
17
18
8
50
58
121
1
52
85
126
17
18
8
50
58
121
1
52
85
126
17
18
8
50
58
121
1
52
85
126
17
18
8
50
58
121
1
52
85
126
17
18
8
50
58
121
1
52
85
126
17
18
8
50
58
121
1
52
85
126
17
18
8
50
58
121
1
52
85
126
17
18
8
50
58
121
1
52
85
126
17
18
8
50
58
121
1
52
85
126
17
18
8
50
58
121
1
52
85
126
17
18
8
50
58
121
1
52
85
126
17
18
8
50
58
121
1
52
85
126
17
18
8
50
58
121
1
52
85
126
17
18
8
50
58
121
1
52
85
126
17
18
8
50
58
121
1
52
85
126
17
18
8
50
58
121
1
52
85
126
17
18
8
50
58
121
1
52
85
126
17
18
8
50
58
121
1
52
85
126
17
18
8
50
58
121
1
52
85
126
17
18
8
50
58
121
1
52
85
126
17
18
8
50
58
121
1
52
85
126
17
18
8
50
58
121
1
52
85
126
17
18
8
50
58
121
1
52
85
126
17
18
8
50
58
121
1
52
85
126
