3
42
18
1
19
3
42
18
1
19
3
42
18
1
19
3
42
18
1
19
3
42
18
1
19
3
42
18
1
19
3
42
18
1
19
3
42
18
1
19
3
42
18
1
19
3
42
18
1
19
3
42
18
1
19
3
42
18
1
19
3
42
18
1
19
3
42
18
1
19
3
42
18
1
19
3
42
18
1
19
3
42
18
1
19
3
42
18
1
19
3
42
18
1
19
3
42
18
1
19
3
42
18
1
19
3
42
18
1
19
3
42
18
1
19
3
42
18
1
19
3
42
18
1
19
3
42
18
1
19
3
42
18
1
19
3
42
18
1
19
3
42
18
1
19
3
42
18
1
19
3
42
18
1
19
3
42
18
1
19
3
42
18
1
19
3
42
18
1
19
3
42
18
1
19
3
42
18
1
19
3
42
18
1
19
3
42
18
1
19
3
42
18
1
19
3
42
18
1
19
3
42
18
1
19
3
42
18
1
19
3
42
18
1
19
3
42
18
1
19
3
42
18
1
19
3
42
18
1
19
3
42
18
1
19
3
42
18
1
19
3
42
18
1
19
3
42
18
1
19
