33
21
43
107
77
33
21
43
107
77
33
21
43
107
77
33
21
43
107
77
33
21
43
107
77
33
21
43
107
77
33
21
43
107
77
33
21
43
107
77
33
21
43
107
77
33
21
43
107
77
33
21
43
107
77
33
21
43
107
77
33
21
43
107
77
33
21
43
107
77
33
21
43
107
77
33
21
43
107
77
33
21
43
107
77
33
21
43
107
77
33
21
43
107
77
33
21
43
107
77
33
21
43
107
77
33
21
43
107
77
33
21
43
107
77
33
21
43
107
77
33
21
43
107
77
33
21
43
107
77
33
21
43
107
77
33
21
43
107
77
33
21
43
107
77
33
21
43
107
77
33
21
43
107
77
33
21
43
107
77
33
21
43
107
77
33
21
43
107
77
33
21
43
107
77
33
21
43
107
77
33
21
43
107
77
33
21
43
107
77
33
21
43
107
77
33
21
43
107
77
33
21
43
107
77
33
21
43
107
77
33
21
43
107
77
33
21
43
107
77
33
21
43
107
77
33
21
43
107
77
33
21
43
107
77
33
21
43
107
77
33
21
43
107
77
33
21
43
107
77
