6
46
29
27
33
6
46
29
27
33
6
46
29
27
33
6
46
29
27
33
6
46
29
27
33
6
46
29
27
33
6
46
29
27
33
6
46
29
27
33
6
46
29
27
33
6
46
29
27
33
6
46
29
27
33
6
46
29
27
33
6
46
29
27
33
6
46
29
27
33
6
46
29
27
33
6
46
29
27
33
6
46
29
27
33
6
46
29
27
33
6
46
29
27
33
6
46
29
27
33
6
46
29
27
33
6
46
29
27
33
6
46
29
27
33
6
46
29
27
33
6
46
29
27
33
6
46
29
27
33
6
46
29
27
33
6
46
29
27
33
6
46
29
27
33
6
46
29
27
33
6
46
29
27
33
6
46
29
27
33
6
46
29
27
33
6
46
29
27
33
6
46
29
27
33
6
46
29
27
33
6
46
29
27
33
6
46
29
27
33
6
46
29
27
33
6
46
29
27
33
6
46
29
27
33
6
46
29
27
33
6
46
29
27
33
6
46
29
27
33
6
46
29
27
33
6
46
29
27
33
6
46
29
27
33
6
46
29
27
33
6
46
29
27
33
6
46
29
27
33
