131
137
80
261
38
354
187
330
128
81
167
150
131
137
80
261
38
354
187
330
128
81
167
150
131
137
80
261
38
354
187
330
128
81
167
150
131
137
80
261
38
354
187
330
128
81
167
150
131
137
80
261
38
354
187
330
128
81
167
150
131
137
80
261
38
354
187
330
128
81
167
150
131
137
80
261
38
354
187
330
128
81
167
150
131
137
80
261
38
354
187
330
128
81
167
150
131
137
80
261
38
354
187
330
128
81
167
150
131
137
80
261
38
354
187
330
128
81
167
150
131
137
80
261
38
354
187
330
128
81
167
150
131
137
80
261
38
354
187
330
128
81
167
150
131
137
80
261
38
354
187
330
128
81
167
150
131
137
80
261
38
354
187
330
128
81
167
150
131
137
80
261
38
354
187
330
128
81
167
150
131
137
80
261
38
354
187
330
128
81
167
150
131
137
80
261
38
354
187
330
128
81
167
150
131
137
80
261
38
354
187
330
128
81
167
150
131
137
80
261
38
354
187
330
128
81
167
150
131
137
80
261
38
354
187
330
128
81
167
150
131
137
80
261
38
354
187
330
128
81
167
150
131
137
80
261
38
354
187
330
128
81
167
150
131
137
80
261
38
354
187
330
128
81
167
150
131
137
80
261
38
354
187
330
128
81
167
150
131
137
80
261
38
354
187
330
128
81
167
150
131
137
80
261
38
354
187
330
128
81
167
150
131
137
80
261
38
354
187
330
128
81
167
150
131
137
80
261
38
354
187
330
128
81
167
150
131
137
80
261
38
354
187
330
128
81
167
150
131
137
80
261
38
354
187
330
128
81
167
150
131
137
80
261
38
354
187
330
128
81
167
150
131
137
80
261
38
354
187
330
128
81
167
150
131
137
80
261
38
354
187
330
128
81
167
150
131
137
80
261
38
354
187
330
128
81
167
150
131
137
80
261
38
354
187
330
128
81
167
150
131
137
80
261
38
354
187
330
128
81
167
150
131
137
80
261
38
354
187
330
128
81
167
150
131
137
80
261
38
354
187
330
128
81
167
150
131
137
80
261
38
354
187
330
128
81
167
150
131
137
80
261
38
354
187
330
128
81
167
150
131
137
80
261
38
354
187
330
128
81
167
150
131
137
80
261
38
354
187
330
128
81
167
150
131
137
80
261
38
354
187
330
128
81
167
150
131
137
80
261
38
354
187
330
128
81
167
150
131
137
80
261
38
354
187
330
128
81
167
150
131
137
80
261
38
354
187
330
128
81
167
150
131
137
80
261
38
354
187
330
128
81
167
150
131
137
80
261
38
354
187
330
128
81
167
150
131
137
80
261
38
354
187
330
128
81
167
150
131
137
80
261
38
354
187
330
128
81
167
150
