37
39
142
192
67
135
247
146
98
248
37
39
142
192
67
135
247
146
98
248
37
39
142
192
67
135
247
146
98
248
37
39
142
192
67
135
247
146
98
248
37
39
142
192
67
135
247
146
98
248
37
39
142
192
67
135
247
146
98
248
37
39
142
192
67
135
247
146
98
248
37
39
142
192
67
135
247
146
98
248
37
39
142
192
67
135
247
146
98
248
37
39
142
192
67
135
247
146
98
248
37
39
142
192
67
135
247
146
98
248
37
39
142
192
67
135
247
146
98
248
37
39
142
192
67
135
247
146
98
248
37
39
142
192
67
135
247
146
98
248
37
39
142
192
67
135
247
146
98
248
37
39
142
192
67
135
247
146
98
248
37
39
142
192
67
135
247
146
98
248
37
39
142
192
67
135
247
146
98
248
37
39
142
192
67
135
247
146
98
248
37
39
142
192
67
135
247
146
98
248
37
39
142
192
67
135
247
146
98
248
37
39
142
192
67
135
247
146
98
248
37
39
142
192
67
135
247
146
98
248
37
39
142
192
67
135
247
146
98
248
37
39
142
192
67
135
247
146
98
248
37
39
142
192
67
135
247
146
98
248
37
39
142
192
67
135
247
146
98
248
37
39
142
192
67
135
247
146
98
248
37
39
142
192
67
135
247
146
98
248
37
39
142
192
67
135
247
146
98
248
37
39
142
192
67
135
247
146
98
248
37
39
142
192
67
135
247
146
98
248
37
39
142
192
67
135
247
146
98
248
37
39
142
192
67
135
247
146
98
248
37
39
142
192
67
135
247
146
98
248
37
39
142
192
67
135
247
146
98
248
37
39
142
192
67
135
247
146
98
248
37
39
142
192
67
135
247
146
98
248
37
39
142
192
67
135
247
146
98
248
37
39
142
192
67
135
247
146
98
248
37
39
142
192
67
135
247
146
98
248
37
39
142
192
67
135
247
146
98
248
37
39
142
192
67
135
247
146
98
248
37
39
142
192
67
135
247
146
98
248
37
39
142
192
67
135
247
146
98
248
37
39
142
192
67
135
247
146
98
248
37
39
142
192
67
135
247
146
98
248
37
39
142
192
67
135
247
146
98
248
37
39
142
192
67
135
247
146
98
248
37
39
142
192
67
135
247
146
98
248
