16
83
84
47
27
225
17
22
272
76
16
83
84
47
27
225
17
22
272
76
16
83
84
47
27
225
17
22
272
76
16
83
84
47
27
225
17
22
272
76
16
83
84
47
27
225
17
22
272
76
16
83
84
47
27
225
17
22
272
76
16
83
84
47
27
225
17
22
272
76
16
83
84
47
27
225
17
22
272
76
16
83
84
47
27
225
17
22
272
76
16
83
84
47
27
225
17
22
272
76
16
83
84
47
27
225
17
22
272
76
16
83
84
47
27
225
17
22
272
76
16
83
84
47
27
225
17
22
272
76
16
83
84
47
27
225
17
22
272
76
16
83
84
47
27
225
17
22
272
76
16
83
84
47
27
225
17
22
272
76
16
83
84
47
27
225
17
22
272
76
16
83
84
47
27
225
17
22
272
76
16
83
84
47
27
225
17
22
272
76
16
83
84
47
27
225
17
22
272
76
16
83
84
47
27
225
17
22
272
76
16
83
84
47
27
225
17
22
272
76
16
83
84
47
27
225
17
22
272
76
16
83
84
47
27
225
17
22
272
76
16
83
84
47
27
225
17
22
272
76
16
83
84
47
27
225
17
22
272
76
16
83
84
47
27
225
17
22
272
76
16
83
84
47
27
225
17
22
272
76
16
83
84
47
27
225
17
22
272
76
16
83
84
47
27
225
17
22
272
76
16
83
84
47
27
225
17
22
272
76
16
83
84
47
27
225
17
22
272
76
16
83
84
47
27
225
17
22
272
76
16
83
84
47
27
225
17
22
272
76
16
83
84
47
27
225
17
22
272
76
16
83
84
47
27
225
17
22
272
76
16
83
84
47
27
225
17
22
272
76
16
83
84
47
27
225
17
22
272
76
16
83
84
47
27
225
17
22
272
76
16
83
84
47
27
225
17
22
272
76
16
83
84
47
27
225
17
22
272
76
16
83
84
47
27
225
17
22
272
76
16
83
84
47
27
225
17
22
272
76
16
83
84
47
27
225
17
22
272
76
16
83
84
47
27
225
17
22
272
76
16
83
84
47
27
225
17
22
272
76
16
83
84
47
27
225
17
22
272
76
16
83
84
47
27
225
17
22
272
76
16
83
84
47
27
225
17
22
272
76
16
83
84
47
27
225
17
22
272
76
