18
60
166
111
113
241
125
209
87
225
18
60
166
111
113
241
125
209
87
225
18
60
166
111
113
241
125
209
87
225
18
60
166
111
113
241
125
209
87
225
18
60
166
111
113
241
125
209
87
225
18
60
166
111
113
241
125
209
87
225
18
60
166
111
113
241
125
209
87
225
18
60
166
111
113
241
125
209
87
225
18
60
166
111
113
241
125
209
87
225
18
60
166
111
113
241
125
209
87
225
18
60
166
111
113
241
125
209
87
225
18
60
166
111
113
241
125
209
87
225
18
60
166
111
113
241
125
209
87
225
18
60
166
111
113
241
125
209
87
225
18
60
166
111
113
241
125
209
87
225
18
60
166
111
113
241
125
209
87
225
18
60
166
111
113
241
125
209
87
225
18
60
166
111
113
241
125
209
87
225
18
60
166
111
113
241
125
209
87
225
18
60
166
111
113
241
125
209
87
225
18
60
166
111
113
241
125
209
87
225
18
60
166
111
113
241
125
209
87
225
18
60
166
111
113
241
125
209
87
225
18
60
166
111
113
241
125
209
87
225
18
60
166
111
113
241
125
209
87
225
18
60
166
111
113
241
125
209
87
225
18
60
166
111
113
241
125
209
87
225
18
60
166
111
113
241
125
209
87
225
18
60
166
111
113
241
125
209
87
225
18
60
166
111
113
241
125
209
87
225
18
60
166
111
113
241
125
209
87
225
18
60
166
111
113
241
125
209
87
225
18
60
166
111
113
241
125
209
87
225
18
60
166
111
113
241
125
209
87
225
18
60
166
111
113
241
125
209
87
225
18
60
166
111
113
241
125
209
87
225
18
60
166
111
113
241
125
209
87
225
18
60
166
111
113
241
125
209
87
225
18
60
166
111
113
241
125
209
87
225
18
60
166
111
113
241
125
209
87
225
18
60
166
111
113
241
125
209
87
225
18
60
166
111
113
241
125
209
87
225
18
60
166
111
113
241
125
209
87
225
18
60
166
111
113
241
125
209
87
225
18
60
166
111
113
241
125
209
87
225
18
60
166
111
113
241
125
209
87
225
18
60
166
111
113
241
125
209
87
225
18
60
166
111
113
241
125
209
87
225
18
60
166
111
113
241
125
209
87
225
18
60
166
111
113
241
125
209
87
225
