478
54
20
9
33
295
19
538
223
39
527
44
491
332
111
338
379
26
296
23
478
54
20
9
33
295
19
538
223
39
527
44
491
332
111
338
379
26
296
23
478
54
20
9
33
295
19
538
223
39
527
44
491
332
111
338
379
26
296
23
478
54
20
9
33
295
19
538
223
39
527
44
491
332
111
338
379
26
296
23
478
54
20
9
33
295
19
538
223
39
527
44
491
332
111
338
379
26
296
23
478
54
20
9
33
295
19
538
223
39
527
44
491
332
111
338
379
26
296
23
478
54
20
9
33
295
19
538
223
39
527
44
491
332
111
338
379
26
296
23
478
54
20
9
33
295
19
538
223
39
527
44
491
332
111
338
379
26
296
23
478
54
20
9
33
295
19
538
223
39
527
44
491
332
111
338
379
26
296
23
478
54
20
9
33
295
19
538
223
39
527
44
491
332
111
338
379
26
296
23
478
54
20
9
33
295
19
538
223
39
527
44
491
332
111
338
379
26
296
23
478
54
20
9
33
295
19
538
223
39
527
44
491
332
111
338
379
26
296
23
478
54
20
9
33
295
19
538
223
39
527
44
491
332
111
338
379
26
296
23
478
54
20
9
33
295
19
538
223
39
527
44
491
332
111
338
379
26
296
23
478
54
20
9
33
295
19
538
223
39
527
44
491
332
111
338
379
26
296
23
478
54
20
9
33
295
19
538
223
39
527
44
491
332
111
338
379
26
296
23
478
54
20
9
33
295
19
538
223
39
527
44
491
332
111
338
379
26
296
23
478
54
20
9
33
295
19
538
223
39
527
44
491
332
111
338
379
26
296
23
478
54
20
9
33
295
19
538
223
39
527
44
491
332
111
338
379
26
296
23
478
54
20
9
33
295
19
538
223
39
527
44
491
332
111
338
379
26
296
23
478
54
20
9
33
295
19
538
223
39
527
44
491
332
111
338
379
26
296
23
478
54
20
9
33
295
19
538
223
39
527
44
491
332
111
338
379
26
296
23
478
54
20
9
33
295
19
538
223
39
527
44
491
332
111
338
379
26
296
23
478
54
20
9
33
295
19
538
223
39
527
44
491
332
111
338
379
26
296
23
478
54
20
9
33
295
19
538
223
39
527
44
491
332
111
338
379
26
296
23
478
54
20
9
33
295
19
538
223
39
527
44
491
332
111
338
379
26
296
23
478
54
20
9
33
295
19
538
223
39
527
44
491
332
111
338
379
26
296
23
478
54
20
9
33
295
19
538
223
39
527
44
491
332
111
338
379
26
296
23
478
54
20
9
33
295
19
538
223
39
527
44
491
332
111
338
379
26
296
23
478
54
20
9
33
295
19
538
223
39
527
44
491
332
111
338
379
26
296
23
478
54
20
9
33
295
19
538
223
39
527
44
491
332
111
338
379
26
296
23
478
54
20
9
33
295
19
538
223
39
527
44
491
332
111
338
379
26
296
23
478
54
20
9
33
295
19
538
223
39
527
44
491
332
111
338
379
26
296
23
478
54
20
9
33
295
19
538
223
39
527
44
491
332
111
338
379
26
296
23
478
54
20
9
33
295
19
538
223
39
527
44
491
332
111
338
379
26
296
23
478
54
20
9
33
295
19
538
223
39
527
44
491
332
111
338
379
26
296
23
478
54
20
9
33
295
19
538
223
39
527
44
491
332
111
338
379
26
296
23
478
54
20
9
33
295
19
538
223
39
527
44
491
332
111
338
379
26
296
23
478
54
20
9
33
295
19
538
223
39
527
44
491
332
111
338
379
26
296
23
478
54
20
9
33
295
19
538
223
39
527
44
491
332
111
338
379
26
296
23
478
54
20
9
33
295
19
538
223
39
527
44
491
332
111
338
379
26
296
23
478
54
20
9
33
295
19
538
223
39
527
44
491
332
111
338
379
26
296
23
478
54
20
9
33
295
19
538
223
39
527
44
491
332
111
338
379
26
296
23
478
54
20
9
33
295
19
538
223
39
527
44
491
332
111
338
379
26
296
23
478
54
20
9
33
295
19
538
223
39
527
44
491
332
111
338
379
26
296
23
478
54
20
9
33
295
19
538
223
39
527
44
491
332
111
338
379
26
296
23
478
54
20
9
33
295
19
538
223
39
527
44
491
332
111
338
379
26
296
23
478
54
20
9
33
295
19
538
223
39
527
44
491
332
111
338
379
26
296
23
478
54
20
9
33
295
19
538
223
39
527
44
491
332
111
338
379
26
296
23
478
54
20
9
33
295
19
538
223
39
527
44
491
332
111
338
379
26
296
23
