17
15
103
129
102
21
160
106
16
30
96
399
141
190
121
35
104
402
32
145
17
15
103
129
102
21
160
106
16
30
96
399
141
190
121
35
104
402
32
145
17
15
103
129
102
21
160
106
16
30
96
399
141
190
121
35
104
402
32
145
17
15
103
129
102
21
160
106
16
30
96
399
141
190
121
35
104
402
32
145
17
15
103
129
102
21
160
106
16
30
96
399
141
190
121
35
104
402
32
145
17
15
103
129
102
21
160
106
16
30
96
399
141
190
121
35
104
402
32
145
17
15
103
129
102
21
160
106
16
30
96
399
141
190
121
35
104
402
32
145
17
15
103
129
102
21
160
106
16
30
96
399
141
190
121
35
104
402
32
145
17
15
103
129
102
21
160
106
16
30
96
399
141
190
121
35
104
402
32
145
17
15
103
129
102
21
160
106
16
30
96
399
141
190
121
35
104
402
32
145
17
15
103
129
102
21
160
106
16
30
96
399
141
190
121
35
104
402
32
145
17
15
103
129
102
21
160
106
16
30
96
399
141
190
121
35
104
402
32
145
17
15
103
129
102
21
160
106
16
30
96
399
141
190
121
35
104
402
32
145
17
15
103
129
102
21
160
106
16
30
96
399
141
190
121
35
104
402
32
145
17
15
103
129
102
21
160
106
16
30
96
399
141
190
121
35
104
402
32
145
17
15
103
129
102
21
160
106
16
30
96
399
141
190
121
35
104
402
32
145
17
15
103
129
102
21
160
106
16
30
96
399
141
190
121
35
104
402
32
145
17
15
103
129
102
21
160
106
16
30
96
399
141
190
121
35
104
402
32
145
17
15
103
129
102
21
160
106
16
30
96
399
141
190
121
35
104
402
32
145
17
15
103
129
102
21
160
106
16
30
96
399
141
190
121
35
104
402
32
145
17
15
103
129
102
21
160
106
16
30
96
399
141
190
121
35
104
402
32
145
17
15
103
129
102
21
160
106
16
30
96
399
141
190
121
35
104
402
32
145
17
15
103
129
102
21
160
106
16
30
96
399
141
190
121
35
104
402
32
145
17
15
103
129
102
21
160
106
16
30
96
399
141
190
121
35
104
402
32
145
17
15
103
129
102
21
160
106
16
30
96
399
141
190
121
35
104
402
32
145
17
15
103
129
102
21
160
106
16
30
96
399
141
190
121
35
104
402
32
145
17
15
103
129
102
21
160
106
16
30
96
399
141
190
121
35
104
402
32
145
17
15
103
129
102
21
160
106
16
30
96
399
141
190
121
35
104
402
32
145
17
15
103
129
102
21
160
106
16
30
96
399
141
190
121
35
104
402
32
145
17
15
103
129
102
21
160
106
16
30
96
399
141
190
121
35
104
402
32
145
17
15
103
129
102
21
160
106
16
30
96
399
141
190
121
35
104
402
32
145
17
15
103
129
102
21
160
106
16
30
96
399
141
190
121
35
104
402
32
145
17
15
103
129
102
21
160
106
16
30
96
399
141
190
121
35
104
402
32
145
17
15
103
129
102
21
160
106
16
30
96
399
141
190
121
35
104
402
32
145
17
15
103
129
102
21
160
106
16
30
96
399
141
190
121
35
104
402
32
145
17
15
103
129
102
21
160
106
16
30
96
399
141
190
121
35
104
402
32
145
17
15
103
129
102
21
160
106
16
30
96
399
141
190
121
35
104
402
32
145
17
15
103
129
102
21
160
106
16
30
96
399
141
190
121
35
104
402
32
145
17
15
103
129
102
21
160
106
16
30
96
399
141
190
121
35
104
402
32
145
17
15
103
129
102
21
160
106
16
30
96
399
141
190
121
35
104
402
32
145
17
15
103
129
102
21
160
106
16
30
96
399
141
190
121
35
104
402
32
145
17
15
103
129
102
21
160
106
16
30
96
399
141
190
121
35
104
402
32
145
17
15
103
129
102
21
160
106
16
30
96
399
141
190
121
35
104
402
32
145
17
15
103
129
102
21
160
106
16
30
96
399
141
190
121
35
104
402
32
145
17
15
103
129
102
21
160
106
16
30
96
399
141
190
121
35
104
402
32
145
17
15
103
129
102
21
160
106
16
30
96
399
141
190
121
35
104
402
32
145
17
15
103
129
102
21
160
106
16
30
96
399
141
190
121
35
104
402
32
145
17
15
103
129
102
21
160
106
16
30
96
399
141
190
121
35
104
402
32
145
17
15
103
129
102
21
160
106
16
30
96
399
141
190
121
35
104
402
32
145
17
15
103
129
102
21
160
106
16
30
96
399
141
190
121
35
104
402
32
145
