138
21
59
145
66
608
311
760
80
602
184
222
152
144
71
571
314
162
166
316
138
21
59
145
66
608
311
760
80
602
184
222
152
144
71
571
314
162
166
316
138
21
59
145
66
608
311
760
80
602
184
222
152
144
71
571
314
162
166
316
138
21
59
145
66
608
311
760
80
602
184
222
152
144
71
571
314
162
166
316
138
21
59
145
66
608
311
760
80
602
184
222
152
144
71
571
314
162
166
316
138
21
59
145
66
608
311
760
80
602
184
222
152
144
71
571
314
162
166
316
138
21
59
145
66
608
311
760
80
602
184
222
152
144
71
571
314
162
166
316
138
21
59
145
66
608
311
760
80
602
184
222
152
144
71
571
314
162
166
316
138
21
59
145
66
608
311
760
80
602
184
222
152
144
71
571
314
162
166
316
138
21
59
145
66
608
311
760
80
602
184
222
152
144
71
571
314
162
166
316
138
21
59
145
66
608
311
760
80
602
184
222
152
144
71
571
314
162
166
316
138
21
59
145
66
608
311
760
80
602
184
222
152
144
71
571
314
162
166
316
138
21
59
145
66
608
311
760
80
602
184
222
152
144
71
571
314
162
166
316
138
21
59
145
66
608
311
760
80
602
184
222
152
144
71
571
314
162
166
316
138
21
59
145
66
608
311
760
80
602
184
222
152
144
71
571
314
162
166
316
138
21
59
145
66
608
311
760
80
602
184
222
152
144
71
571
314
162
166
316
138
21
59
145
66
608
311
760
80
602
184
222
152
144
71
571
314
162
166
316
138
21
59
145
66
608
311
760
80
602
184
222
152
144
71
571
314
162
166
316
138
21
59
145
66
608
311
760
80
602
184
222
152
144
71
571
314
162
166
316
138
21
59
145
66
608
311
760
80
602
184
222
152
144
71
571
314
162
166
316
138
21
59
145
66
608
311
760
80
602
184
222
152
144
71
571
314
162
166
316
138
21
59
145
66
608
311
760
80
602
184
222
152
144
71
571
314
162
166
316
138
21
59
145
66
608
311
760
80
602
184
222
152
144
71
571
314
162
166
316
138
21
59
145
66
608
311
760
80
602
184
222
152
144
71
571
314
162
166
316
138
21
59
145
66
608
311
760
80
602
184
222
152
144
71
571
314
162
166
316
138
21
59
145
66
608
311
760
80
602
184
222
152
144
71
571
314
162
166
316
138
21
59
145
66
608
311
760
80
602
184
222
152
144
71
571
314
162
166
316
138
21
59
145
66
608
311
760
80
602
184
222
152
144
71
571
314
162
166
316
138
21
59
145
66
608
311
760
80
602
184
222
152
144
71
571
314
162
166
316
138
21
59
145
66
608
311
760
80
602
184
222
152
144
71
571
314
162
166
316
138
21
59
145
66
608
311
760
80
602
184
222
152
144
71
571
314
162
166
316
138
21
59
145
66
608
311
760
80
602
184
222
152
144
71
571
314
162
166
316
138
21
59
145
66
608
311
760
80
602
184
222
152
144
71
571
314
162
166
316
138
21
59
145
66
608
311
760
80
602
184
222
152
144
71
571
314
162
166
316
138
21
59
145
66
608
311
760
80
602
184
222
152
144
71
571
314
162
166
316
138
21
59
145
66
608
311
760
80
602
184
222
152
144
71
571
314
162
166
316
138
21
59
145
66
608
311
760
80
602
184
222
152
144
71
571
314
162
166
316
138
21
59
145
66
608
311
760
80
602
184
222
152
144
71
571
314
162
166
316
138
21
59
145
66
608
311
760
80
602
184
222
152
144
71
571
314
162
166
316
138
21
59
145
66
608
311
760
80
602
184
222
152
144
71
571
314
162
166
316
138
21
59
145
66
608
311
760
80
602
184
222
152
144
71
571
314
162
166
316
138
21
59
145
66
608
311
760
80
602
184
222
152
144
71
571
314
162
166
316
138
21
59
145
66
608
311
760
80
602
184
222
152
144
71
571
314
162
166
316
138
21
59
145
66
608
311
760
80
602
184
222
152
144
71
571
314
162
166
316
138
21
59
145
66
608
311
760
80
602
184
222
152
144
71
571
314
162
166
316
138
21
59
145
66
608
311
760
80
602
184
222
152
144
71
571
314
162
166
316
138
21
59
145
66
608
311
760
80
602
184
222
152
144
71
571
314
162
166
316
138
21
59
145
66
608
311
760
80
602
184
222
152
144
71
571
314
162
166
316
138
21
59
145
66
608
311
760
80
602
184
222
152
144
71
571
314
162
166
316
138
21
59
145
66
608
311
760
80
602
184
222
152
144
71
571
314
162
166
316
