25
23
94
104
97
743
112
29
126
593
95
45
41
223
88
24
58
39
201
624
50
116
44
267
25
23
94
104
97
743
112
29
126
593
95
45
41
223
88
24
58
39
201
624
50
116
44
267
25
23
94
104
97
743
112
29
126
593
95
45
41
223
88
24
58
39
201
624
50
116
44
267
25
23
94
104
97
743
112
29
126
593
95
45
41
223
88
24
58
39
201
624
50
116
44
267
25
23
94
104
97
743
112
29
126
593
95
45
41
223
88
24
58
39
201
624
50
116
44
267
25
23
94
104
97
743
112
29
126
593
95
45
41
223
88
24
58
39
201
624
50
116
44
267
25
23
94
104
97
743
112
29
126
593
95
45
41
223
88
24
58
39
201
624
50
116
44
267
25
23
94
104
97
743
112
29
126
593
95
45
41
223
88
24
58
39
201
624
50
116
44
267
25
23
94
104
97
743
112
29
126
593
95
45
41
223
88
24
58
39
201
624
50
116
44
267
25
23
94
104
97
743
112
29
126
593
95
45
41
223
88
24
58
39
201
624
50
116
44
267
25
23
94
104
97
743
112
29
126
593
95
45
41
223
88
24
58
39
201
624
50
116
44
267
25
23
94
104
97
743
112
29
126
593
95
45
41
223
88
24
58
39
201
624
50
116
44
267
25
23
94
104
97
743
112
29
126
593
95
45
41
223
88
24
58
39
201
624
50
116
44
267
25
23
94
104
97
743
112
29
126
593
95
45
41
223
88
24
58
39
201
624
50
116
44
267
25
23
94
104
97
743
112
29
126
593
95
45
41
223
88
24
58
39
201
624
50
116
44
267
25
23
94
104
97
743
112
29
126
593
95
45
41
223
88
24
58
39
201
624
50
116
44
267
25
23
94
104
97
743
112
29
126
593
95
45
41
223
88
24
58
39
201
624
50
116
44
267
25
23
94
104
97
743
112
29
126
593
95
45
41
223
88
24
58
39
201
624
50
116
44
267
25
23
94
104
97
743
112
29
126
593
95
45
41
223
88
24
58
39
201
624
50
116
44
267
25
23
94
104
97
743
112
29
126
593
95
45
41
223
88
24
58
39
201
624
50
116
44
267
25
23
94
104
97
743
112
29
126
593
95
45
41
223
88
24
58
39
201
624
50
116
44
267
25
23
94
104
97
743
112
29
126
593
95
45
41
223
88
24
58
39
201
624
50
116
44
267
25
23
94
104
97
743
112
29
126
593
95
45
41
223
88
24
58
39
201
624
50
116
44
267
25
23
94
104
97
743
112
29
126
593
95
45
41
223
88
24
58
39
201
624
50
116
44
267
25
23
94
104
97
743
112
29
126
593
95
45
41
223
88
24
58
39
201
624
50
116
44
267
25
23
94
104
97
743
112
29
126
593
95
45
41
223
88
24
58
39
201
624
50
116
44
267
25
23
94
104
97
743
112
29
126
593
95
45
41
223
88
24
58
39
201
624
50
116
44
267
25
23
94
104
97
743
112
29
126
593
95
45
41
223
88
24
58
39
201
624
50
116
44
267
25
23
94
104
97
743
112
29
126
593
95
45
41
223
88
24
58
39
201
624
50
116
44
267
25
23
94
104
97
743
112
29
126
593
95
45
41
223
88
24
58
39
201
624
50
116
44
267
25
23
94
104
97
743
112
29
126
593
95
45
41
223
88
24
58
39
201
624
50
116
44
267
25
23
94
104
97
743
112
29
126
593
95
45
41
223
88
24
58
39
201
624
50
116
44
267
25
23
94
104
97
743
112
29
126
593
95
45
41
223
88
24
58
39
201
624
50
116
44
267
25
23
94
104
97
743
112
29
126
593
95
45
41
223
88
24
58
39
201
624
50
116
44
267
25
23
94
104
97
743
112
29
126
593
95
45
41
223
88
24
58
39
201
624
50
116
44
267
25
23
94
104
97
743
112
29
126
593
95
45
41
223
88
24
58
39
201
624
50
116
44
267
25
23
94
104
97
743
112
29
126
593
95
45
41
223
88
24
58
39
201
624
50
116
44
267
25
23
94
104
97
743
112
29
126
593
95
45
41
223
88
24
58
39
201
624
50
116
44
267
25
23
94
104
97
743
112
29
126
593
95
45
41
223
88
24
58
39
201
624
50
116
44
267
25
23
94
104
97
743
112
29
126
593
95
45
41
223
88
24
58
39
201
624
50
116
44
267
25
23
94
104
97
743
112
29
126
593
95
45
41
223
88
24
58
39
201
624
50
116
44
267
25
23
94
104
97
743
112
29
126
593
95
45
41
223
88
24
58
39
201
624
50
116
44
267
25
23
94
104
97
743
112
29
126
593
95
45
41
223
88
24
58
39
201
624
50
116
44
267
25
23
94
104
97
743
112
29
126
593
95
45
41
223
88
24
58
39
201
624
50
116
44
267
25
23
94
104
97
743
112
29
126
593
95
45
41
223
88
24
58
39
201
624
50
116
44
267
25
23
94
104
97
743
112
29
126
593
95
45
41
223
88
24
58
39
201
624
50
116
44
267
25
23
94
104
97
743
112
29
126
593
95
45
41
223
88
24
58
39
201
624
50
116
44
267
25
23
94
104
97
743
112
29
126
593
95
45
41
223
88
24
58
39
201
624
50
116
44
267
25
23
94
104
97
743
112
29
126
593
95
45
41
223
88
24
58
39
201
624
50
116
44
267
25
23
94
104
97
743
112
29
126
593
95
45
41
223
88
24
58
39
201
624
50
116
44
267
