71
75
64
51
568
60
40
53
240
36
118
559
154
157
911
758
587
598
269
20
670
285
19
125
359
71
75
64
51
568
60
40
53
240
36
118
559
154
157
911
758
587
598
269
20
670
285
19
125
359
71
75
64
51
568
60
40
53
240
36
118
559
154
157
911
758
587
598
269
20
670
285
19
125
359
71
75
64
51
568
60
40
53
240
36
118
559
154
157
911
758
587
598
269
20
670
285
19
125
359
71
75
64
51
568
60
40
53
240
36
118
559
154
157
911
758
587
598
269
20
670
285
19
125
359
71
75
64
51
568
60
40
53
240
36
118
559
154
157
911
758
587
598
269
20
670
285
19
125
359
71
75
64
51
568
60
40
53
240
36
118
559
154
157
911
758
587
598
269
20
670
285
19
125
359
71
75
64
51
568
60
40
53
240
36
118
559
154
157
911
758
587
598
269
20
670
285
19
125
359
71
75
64
51
568
60
40
53
240
36
118
559
154
157
911
758
587
598
269
20
670
285
19
125
359
71
75
64
51
568
60
40
53
240
36
118
559
154
157
911
758
587
598
269
20
670
285
19
125
359
71
75
64
51
568
60
40
53
240
36
118
559
154
157
911
758
587
598
269
20
670
285
19
125
359
71
75
64
51
568
60
40
53
240
36
118
559
154
157
911
758
587
598
269
20
670
285
19
125
359
71
75
64
51
568
60
40
53
240
36
118
559
154
157
911
758
587
598
269
20
670
285
19
125
359
71
75
64
51
568
60
40
53
240
36
118
559
154
157
911
758
587
598
269
20
670
285
19
125
359
71
75
64
51
568
60
40
53
240
36
118
559
154
157
911
758
587
598
269
20
670
285
19
125
359
71
75
64
51
568
60
40
53
240
36
118
559
154
157
911
758
587
598
269
20
670
285
19
125
359
71
75
64
51
568
60
40
53
240
36
118
559
154
157
911
758
587
598
269
20
670
285
19
125
359
71
75
64
51
568
60
40
53
240
36
118
559
154
157
911
758
587
598
269
20
670
285
19
125
359
71
75
64
51
568
60
40
53
240
36
118
559
154
157
911
758
587
598
269
20
670
285
19
125
359
71
75
64
51
568
60
40
53
240
36
118
559
154
157
911
758
587
598
269
20
670
285
19
125
359
71
75
64
51
568
60
40
53
240
36
118
559
154
157
911
758
587
598
269
20
670
285
19
125
359
71
75
64
51
568
60
40
53
240
36
118
559
154
157
911
758
587
598
269
20
670
285
19
125
359
71
75
64
51
568
60
40
53
240
36
118
559
154
157
911
758
587
598
269
20
670
285
19
125
359
71
75
64
51
568
60
40
53
240
36
118
559
154
157
911
758
587
598
269
20
670
285
19
125
359
71
75
64
51
568
60
40
53
240
36
118
559
154
157
911
758
587
598
269
20
670
285
19
125
359
71
75
64
51
568
60
40
53
240
36
118
559
154
157
911
758
587
598
269
20
670
285
19
125
359
71
75
64
51
568
60
40
53
240
36
118
559
154
157
911
758
587
598
269
20
670
285
19
125
359
71
75
64
51
568
60
40
53
240
36
118
559
154
157
911
758
587
598
269
20
670
285
19
125
359
71
75
64
51
568
60
40
53
240
36
118
559
154
157
911
758
587
598
269
20
670
285
19
125
359
71
75
64
51
568
60
40
53
240
36
118
559
154
157
911
758
587
598
269
20
670
285
19
125
359
71
75
64
51
568
60
40
53
240
36
118
559
154
157
911
758
587
598
269
20
670
285
19
125
359
71
75
64
51
568
60
40
53
240
36
118
559
154
157
911
758
587
598
269
20
670
285
19
125
359
71
75
64
51
568
60
40
53
240
36
118
559
154
157
911
758
587
598
269
20
670
285
19
125
359
71
75
64
51
568
60
40
53
240
36
118
559
154
157
911
758
587
598
269
20
670
285
19
125
359
71
75
64
51
568
60
40
53
240
36
118
559
154
157
911
758
587
598
269
20
670
285
19
125
359
71
75
64
51
568
60
40
53
240
36
118
559
154
157
911
758
587
598
269
20
670
285
19
125
359
71
75
64
51
568
60
40
53
240
36
118
559
154
157
911
758
587
598
269
20
670
285
19
125
359
71
75
64
51
568
60
40
53
240
36
118
559
154
157
911
758
587
598
269
20
670
285
19
125
359
71
75
64
51
568
60
40
53
240
36
118
559
154
157
911
758
587
598
269
20
670
285
19
125
359
71
75
64
51
568
60
40
53
240
36
118
559
154
157
911
758
587
598
269
20
670
285
19
125
359
71
75
64
51
568
60
40
53
240
36
118
559
154
157
911
758
587
598
269
20
670
285
19
125
359
71
75
64
51
568
60
40
53
240
36
118
559
154
157
911
758
587
598
269
20
670
285
19
125
359
71
75
64
51
568
60
40
53
240
36
118
559
154
157
911
758
587
598
269
20
670
285
19
125
359
71
75
64
51
568
60
40
53
240
36
118
559
154
157
911
758
587
598
269
20
670
285
19
125
359
71
75
64
51
568
60
40
53
240
36
118
559
154
157
911
758
587
598
269
20
670
285
19
125
359
71
75
64
51
568
60
40
53
240
36
118
559
154
157
911
758
587
598
269
20
670
285
19
125
359
71
75
64
51
568
60
40
53
240
36
118
559
154
157
911
758
587
598
269
20
670
285
19
125
359
71
75
64
51
568
60
40
53
240
36
118
559
154
157
911
758
587
598
269
20
670
285
19
125
359
71
75
64
51
568
60
40
53
240
36
118
559
154
157
911
758
587
598
269
20
670
285
19
125
359
71
75
64
51
568
60
40
53
240
36
118
559
154
157
911
758
587
598
269
20
670
285
19
125
359
