545
184
455
489
705
496
326
256
6
318
358
549
120
410
388
447
546
14
254
255
1171
618
166
392
364
545
184
455
489
705
496
326
256
6
318
358
549
120
410
388
447
546
14
254
255
1171
618
166
392
364
545
184
455
489
705
496
326
256
6
318
358
549
120
410
388
447
546
14
254
255
1171
618
166
392
364
545
184
455
489
705
496
326
256
6
318
358
549
120
410
388
447
546
14
254
255
1171
618
166
392
364
545
184
455
489
705
496
326
256
6
318
358
549
120
410
388
447
546
14
254
255
1171
618
166
392
364
545
184
455
489
705
496
326
256
6
318
358
549
120
410
388
447
546
14
254
255
1171
618
166
392
364
545
184
455
489
705
496
326
256
6
318
358
549
120
410
388
447
546
14
254
255
1171
618
166
392
364
545
184
455
489
705
496
326
256
6
318
358
549
120
410
388
447
546
14
254
255
1171
618
166
392
364
545
184
455
489
705
496
326
256
6
318
358
549
120
410
388
447
546
14
254
255
1171
618
166
392
364
545
184
455
489
705
496
326
256
6
318
358
549
120
410
388
447
546
14
254
255
1171
618
166
392
364
545
184
455
489
705
496
326
256
6
318
358
549
120
410
388
447
546
14
254
255
1171
618
166
392
364
545
184
455
489
705
496
326
256
6
318
358
549
120
410
388
447
546
14
254
255
1171
618
166
392
364
545
184
455
489
705
496
326
256
6
318
358
549
120
410
388
447
546
14
254
255
1171
618
166
392
364
545
184
455
489
705
496
326
256
6
318
358
549
120
410
388
447
546
14
254
255
1171
618
166
392
364
545
184
455
489
705
496
326
256
6
318
358
549
120
410
388
447
546
14
254
255
1171
618
166
392
364
545
184
455
489
705
496
326
256
6
318
358
549
120
410
388
447
546
14
254
255
1171
618
166
392
364
545
184
455
489
705
496
326
256
6
318
358
549
120
410
388
447
546
14
254
255
1171
618
166
392
364
545
184
455
489
705
496
326
256
6
318
358
549
120
410
388
447
546
14
254
255
1171
618
166
392
364
545
184
455
489
705
496
326
256
6
318
358
549
120
410
388
447
546
14
254
255
1171
618
166
392
364
545
184
455
489
705
496
326
256
6
318
358
549
120
410
388
447
546
14
254
255
1171
618
166
392
364
545
184
455
489
705
496
326
256
6
318
358
549
120
410
388
447
546
14
254
255
1171
618
166
392
364
545
184
455
489
705
496
326
256
6
318
358
549
120
410
388
447
546
14
254
255
1171
618
166
392
364
545
184
455
489
705
496
326
256
6
318
358
549
120
410
388
447
546
14
254
255
1171
618
166
392
364
545
184
455
489
705
496
326
256
6
318
358
549
120
410
388
447
546
14
254
255
1171
618
166
392
364
545
184
455
489
705
496
326
256
6
318
358
549
120
410
388
447
546
14
254
255
1171
618
166
392
364
545
184
455
489
705
496
326
256
6
318
358
549
120
410
388
447
546
14
254
255
1171
618
166
392
364
545
184
455
489
705
496
326
256
6
318
358
549
120
410
388
447
546
14
254
255
1171
618
166
392
364
545
184
455
489
705
496
326
256
6
318
358
549
120
410
388
447
546
14
254
255
1171
618
166
392
364
545
184
455
489
705
496
326
256
6
318
358
549
120
410
388
447
546
14
254
255
1171
618
166
392
364
545
184
455
489
705
496
326
256
6
318
358
549
120
410
388
447
546
14
254
255
1171
618
166
392
364
545
184
455
489
705
496
326
256
6
318
358
549
120
410
388
447
546
14
254
255
1171
618
166
392
364
545
184
455
489
705
496
326
256
6
318
358
549
120
410
388
447
546
14
254
255
1171
618
166
392
364
545
184
455
489
705
496
326
256
6
318
358
549
120
410
388
447
546
14
254
255
1171
618
166
392
364
545
184
455
489
705
496
326
256
6
318
358
549
120
410
388
447
546
14
254
255
1171
618
166
392
364
545
184
455
489
705
496
326
256
6
318
358
549
120
410
388
447
546
14
254
255
1171
618
166
392
364
545
184
455
489
705
496
326
256
6
318
358
549
120
410
388
447
546
14
254
255
1171
618
166
392
364
545
184
455
489
705
496
326
256
6
318
358
549
120
410
388
447
546
14
254
255
1171
618
166
392
364
545
184
455
489
705
496
326
256
6
318
358
549
120
410
388
447
546
14
254
255
1171
618
166
392
364
545
184
455
489
705
496
326
256
6
318
358
549
120
410
388
447
546
14
254
255
1171
618
166
392
364
545
184
455
489
705
496
326
256
6
318
358
549
120
410
388
447
546
14
254
255
1171
618
166
392
364
545
184
455
489
705
496
326
256
6
318
358
549
120
410
388
447
546
14
254
255
1171
618
166
392
364
545
184
455
489
705
496
326
256
6
318
358
549
120
410
388
447
546
14
254
255
1171
618
166
392
364
545
184
455
489
705
496
326
256
6
318
358
549
120
410
388
447
546
14
254
255
1171
618
166
392
364
545
184
455
489
705
496
326
256
6
318
358
549
120
410
388
447
546
14
254
255
1171
618
166
392
364
545
184
455
489
705
496
326
256
6
318
358
549
120
410
388
447
546
14
254
255
1171
618
166
392
364
545
184
455
489
705
496
326
256
6
318
358
549
120
410
388
447
546
14
254
255
1171
618
166
392
364
545
184
455
489
705
496
326
256
6
318
358
549
120
410
388
447
546
14
254
255
1171
618
166
392
364
545
184
455
489
705
496
326
256
6
318
358
549
120
410
388
447
546
14
254
255
1171
618
166
392
364
545
184
455
489
705
496
326
256
6
318
358
549
120
410
388
447
546
14
254
255
1171
618
166
392
364
545
184
455
489
705
496
326
256
6
318
358
549
120
410
388
447
546
14
254
255
1171
618
166
392
364
