450
31
451
523
319
400
69
333
1
700
556
142
726
35
32
608
390
165
125
126
29
978
633
772
91
228
395
717
139
1030
130
663
129
226
582
450
31
451
523
319
400
69
333
1
700
556
142
726
35
32
608
390
165
125
126
29
978
633
772
91
228
395
717
139
1030
130
663
129
226
582
450
31
451
523
319
400
69
333
1
700
556
142
726
35
32
608
390
165
125
126
29
978
633
772
91
228
395
717
139
1030
130
663
129
226
582
450
31
451
523
319
400
69
333
1
700
556
142
726
35
32
608
390
165
125
126
29
978
633
772
91
228
395
717
139
1030
130
663
129
226
582
450
31
451
523
319
400
69
333
1
700
556
142
726
35
32
608
390
165
125
126
29
978
633
772
91
228
395
717
139
1030
130
663
129
226
582
450
31
451
523
319
400
69
333
1
700
556
142
726
35
32
608
390
165
125
126
29
978
633
772
91
228
395
717
139
1030
130
663
129
226
582
450
31
451
523
319
400
69
333
1
700
556
142
726
35
32
608
390
165
125
126
29
978
633
772
91
228
395
717
139
1030
130
663
129
226
582
450
31
451
523
319
400
69
333
1
700
556
142
726
35
32
608
390
165
125
126
29
978
633
772
91
228
395
717
139
1030
130
663
129
226
582
450
31
451
523
319
400
69
333
1
700
556
142
726
35
32
608
390
165
125
126
29
978
633
772
91
228
395
717
139
1030
130
663
129
226
582
450
31
451
523
319
400
69
333
1
700
556
142
726
35
32
608
390
165
125
126
29
978
633
772
91
228
395
717
139
1030
130
663
129
226
582
450
31
451
523
319
400
69
333
1
700
556
142
726
35
32
608
390
165
125
126
29
978
633
772
91
228
395
717
139
1030
130
663
129
226
582
450
31
451
523
319
400
69
333
1
700
556
142
726
35
32
608
390
165
125
126
29
978
633
772
91
228
395
717
139
1030
130
663
129
226
582
450
31
451
523
319
400
69
333
1
700
556
142
726
35
32
608
390
165
125
126
29
978
633
772
91
228
395
717
139
1030
130
663
129
226
582
450
31
451
523
319
400
69
333
1
700
556
142
726
35
32
608
390
165
125
126
29
978
633
772
91
228
395
717
139
1030
130
663
129
226
582
450
31
451
523
319
400
69
333
1
700
556
142
726
35
32
608
390
165
125
126
29
978
633
772
91
228
395
717
139
1030
130
663
129
226
582
450
31
451
523
319
400
69
333
1
700
556
142
726
35
32
608
390
165
125
126
29
978
633
772
91
228
395
717
139
1030
130
663
129
226
582
450
31
451
523
319
400
69
333
1
700
556
142
726
35
32
608
390
165
125
126
29
978
633
772
91
228
395
717
139
1030
130
663
129
226
582
450
31
451
523
319
400
69
333
1
700
556
142
726
35
32
608
390
165
125
126
29
978
633
772
91
228
395
717
139
1030
130
663
129
226
582
450
31
451
523
319
400
69
333
1
700
556
142
726
35
32
608
390
165
125
126
29
978
633
772
91
228
395
717
139
1030
130
663
129
226
582
450
31
451
523
319
400
69
333
1
700
556
142
726
35
32
608
390
165
125
126
29
978
633
772
91
228
395
717
139
1030
130
663
129
226
582
450
31
451
523
319
400
69
333
1
700
556
142
726
35
32
608
390
165
125
126
29
978
633
772
91
228
395
717
139
1030
130
663
129
226
582
450
31
451
523
319
400
69
333
1
700
556
142
726
35
32
608
390
165
125
126
29
978
633
772
91
228
395
717
139
1030
130
663
129
226
582
450
31
451
523
319
400
69
333
1
700
556
142
726
35
32
608
390
165
125
126
29
978
633
772
91
228
395
717
139
1030
130
663
129
226
582
450
31
451
523
319
400
69
333
1
700
556
142
726
35
32
608
390
165
125
126
29
978
633
772
91
228
395
717
139
1030
130
663
129
226
582
450
31
451
523
319
400
69
333
1
700
556
142
726
35
32
608
390
165
125
126
29
978
633
772
91
228
395
717
139
1030
130
663
129
226
582
450
31
451
523
319
400
69
333
1
700
556
142
726
35
32
608
390
165
125
126
29
978
633
772
91
228
395
717
139
1030
130
663
129
226
582
450
31
451
523
319
400
69
333
1
700
556
142
726
35
32
608
390
165
125
126
29
978
633
772
91
228
395
717
139
1030
130
663
129
226
582
450
31
451
523
319
400
69
333
1
700
556
142
726
35
32
608
390
165
125
126
29
978
633
772
91
228
395
717
139
1030
130
663
129
226
582
450
31
451
523
319
400
69
333
1
700
556
142
726
35
32
608
390
165
125
126
29
978
633
772
91
228
395
717
139
1030
130
663
129
226
582
450
31
451
523
319
400
69
333
1
700
556
142
726
35
32
608
390
165
125
126
29
978
633
772
91
228
395
717
139
1030
130
663
129
226
582
450
31
451
523
319
400
69
333
1
700
556
142
726
35
32
608
390
165
125
126
29
978
633
772
91
228
395
717
139
1030
130
663
129
226
582
450
31
451
523
319
400
69
333
1
700
556
142
726
35
32
608
390
165
125
126
29
978
633
772
91
228
395
717
139
1030
130
663
129
226
582
450
31
451
523
319
400
69
333
1
700
556
142
726
35
32
608
390
165
125
126
29
978
633
772
91
228
395
717
139
1030
130
663
129
226
582
450
31
451
523
319
400
69
333
1
700
556
142
726
35
32
608
390
165
125
126
29
978
633
772
91
228
395
717
139
1030
130
663
129
226
582
450
31
451
523
319
400
69
333
1
700
556
142
726
35
32
608
390
165
125
126
29
978
633
772
91
228
395
717
139
1030
130
663
129
226
582
450
31
451
523
319
400
69
333
1
700
556
142
726
35
32
608
390
165
125
126
29
978
633
772
91
228
395
717
139
1030
130
663
129
226
582
450
31
451
523
319
400
69
333
1
700
556
142
726
35
32
608
390
165
125
126
29
978
633
772
91
228
395
717
139
1030
130
663
129
226
582
450
31
451
523
319
400
69
333
1
700
556
142
726
35
32
608
390
165
125
126
29
978
633
772
91
228
395
717
139
1030
130
663
129
226
582
450
31
451
523
319
400
69
333
1
700
556
142
726
35
32
608
390
165
125
126
29
978
633
772
91
228
395
717
139
1030
130
663
129
226
582
450
31
451
523
319
400
69
333
1
700
556
142
726
35
32
608
390
165
125
126
29
978
633
772
91
228
395
717
139
1030
130
663
129
226
582
450
31
451
523
319
400
69
333
1
700
556
142
726
35
32
608
390
165
125
126
29
978
633
772
91
228
395
717
139
1030
130
663
129
226
582
450
31
451
523
319
400
69
333
1
700
556
142
726
35
32
608
390
165
125
126
29
978
633
772
91
228
395
717
139
1030
130
663
129
226
582
450
31
451
523
319
400
69
333
1
700
556
142
726
35
32
608
390
165
125
126
29
978
633
772
91
228
395
717
139
1030
130
663
129
226
582
450
31
451
523
319
400
69
333
1
700
556
142
726
35
32
608
390
165
125
126
29
978
633
772
91
228
395
717
139
1030
130
663
129
226
582
450
31
451
523
319
400
69
333
1
700
556
142
726
35
32
608
390
165
125
126
29
978
633
772
91
228
395
717
139
1030
130
663
129
226
582
450
31
451
523
319
400
69
333
1
700
556
142
726
35
32
608
390
165
125
126
29
978
633
772
91
228
395
717
139
1030
130
663
129
226
582
450
31
451
523
319
400
69
333
1
700
556
142
726
35
32
608
390
165
125
126
29
978
633
772
91
228
395
717
139
1030
130
663
129
226
582
450
31
451
523
319
400
69
333
1
700
556
142
726
35
32
608
390
165
125
126
29
978
633
772
91
228
395
717
139
1030
130
663
129
226
582
450
31
451
523
319
400
69
333
1
700
556
142
726
35
32
608
390
165
125
126
29
978
633
772
91
228
395
717
139
1030
130
663
129
226
582
450
31
451
523
319
400
69
333
1
700
556
142
726
35
32
608
390
165
125
126
29
978
633
772
91
228
395
717
139
1030
130
663
129
226
582
