178
166
170
172
420
195
409
13
196
300
293
205
889
285
185
335
1696
528
169
258
690
765
529
247
371
248
255
847
1777
1505
223
1599
60
537
288
178
166
170
172
420
195
409
13
196
300
293
205
889
285
185
335
1696
528
169
258
690
765
529
247
371
248
255
847
1777
1505
223
1599
60
537
288
178
166
170
172
420
195
409
13
196
300
293
205
889
285
185
335
1696
528
169
258
690
765
529
247
371
248
255
847
1777
1505
223
1599
60
537
288
178
166
170
172
420
195
409
13
196
300
293
205
889
285
185
335
1696
528
169
258
690
765
529
247
371
248
255
847
1777
1505
223
1599
60
537
288
178
166
170
172
420
195
409
13
196
300
293
205
889
285
185
335
1696
528
169
258
690
765
529
247
371
248
255
847
1777
1505
223
1599
60
537
288
178
166
170
172
420
195
409
13
196
300
293
205
889
285
185
335
1696
528
169
258
690
765
529
247
371
248
255
847
1777
1505
223
1599
60
537
288
178
166
170
172
420
195
409
13
196
300
293
205
889
285
185
335
1696
528
169
258
690
765
529
247
371
248
255
847
1777
1505
223
1599
60
537
288
178
166
170
172
420
195
409
13
196
300
293
205
889
285
185
335
1696
528
169
258
690
765
529
247
371
248
255
847
1777
1505
223
1599
60
537
288
178
166
170
172
420
195
409
13
196
300
293
205
889
285
185
335
1696
528
169
258
690
765
529
247
371
248
255
847
1777
1505
223
1599
60
537
288
178
166
170
172
420
195
409
13
196
300
293
205
889
285
185
335
1696
528
169
258
690
765
529
247
371
248
255
847
1777
1505
223
1599
60
537
288
178
166
170
172
420
195
409
13
196
300
293
205
889
285
185
335
1696
528
169
258
690
765
529
247
371
248
255
847
1777
1505
223
1599
60
537
288
178
166
170
172
420
195
409
13
196
300
293
205
889
285
185
335
1696
528
169
258
690
765
529
247
371
248
255
847
1777
1505
223
1599
60
537
288
178
166
170
172
420
195
409
13
196
300
293
205
889
285
185
335
1696
528
169
258
690
765
529
247
371
248
255
847
1777
1505
223
1599
60
537
288
178
166
170
172
420
195
409
13
196
300
293
205
889
285
185
335
1696
528
169
258
690
765
529
247
371
248
255
847
1777
1505
223
1599
60
537
288
178
166
170
172
420
195
409
13
196
300
293
205
889
285
185
335
1696
528
169
258
690
765
529
247
371
248
255
847
1777
1505
223
1599
60
537
288
178
166
170
172
420
195
409
13
196
300
293
205
889
285
185
335
1696
528
169
258
690
765
529
247
371
248
255
847
1777
1505
223
1599
60
537
288
178
166
170
172
420
195
409
13
196
300
293
205
889
285
185
335
1696
528
169
258
690
765
529
247
371
248
255
847
1777
1505
223
1599
60
537
288
178
166
170
172
420
195
409
13
196
300
293
205
889
285
185
335
1696
528
169
258
690
765
529
247
371
248
255
847
1777
1505
223
1599
60
537
288
178
166
170
172
420
195
409
13
196
300
293
205
889
285
185
335
1696
528
169
258
690
765
529
247
371
248
255
847
1777
1505
223
1599
60
537
288
178
166
170
172
420
195
409
13
196
300
293
205
889
285
185
335
1696
528
169
258
690
765
529
247
371
248
255
847
1777
1505
223
1599
60
537
288
178
166
170
172
420
195
409
13
196
300
293
205
889
285
185
335
1696
528
169
258
690
765
529
247
371
248
255
847
1777
1505
223
1599
60
537
288
178
166
170
172
420
195
409
13
196
300
293
205
889
285
185
335
1696
528
169
258
690
765
529
247
371
248
255
847
1777
1505
223
1599
60
537
288
178
166
170
172
420
195
409
13
196
300
293
205
889
285
185
335
1696
528
169
258
690
765
529
247
371
248
255
847
1777
1505
223
1599
60
537
288
178
166
170
172
420
195
409
13
196
300
293
205
889
285
185
335
1696
528
169
258
690
765
529
247
371
248
255
847
1777
1505
223
1599
60
537
288
178
166
170
172
420
195
409
13
196
300
293
205
889
285
185
335
1696
528
169
258
690
765
529
247
371
248
255
847
1777
1505
223
1599
60
537
288
178
166
170
172
420
195
409
13
196
300
293
205
889
285
185
335
1696
528
169
258
690
765
529
247
371
248
255
847
1777
1505
223
1599
60
537
288
178
166
170
172
420
195
409
13
196
300
293
205
889
285
185
335
1696
528
169
258
690
765
529
247
371
248
255
847
1777
1505
223
1599
60
537
288
178
166
170
172
420
195
409
13
196
300
293
205
889
285
185
335
1696
528
169
258
690
765
529
247
371
248
255
847
1777
1505
223
1599
60
537
288
178
166
170
172
420
195
409
13
196
300
293
205
889
285
185
335
1696
528
169
258
690
765
529
247
371
248
255
847
1777
1505
223
1599
60
537
288
178
166
170
172
420
195
409
13
196
300
293
205
889
285
185
335
1696
528
169
258
690
765
529
247
371
248
255
847
1777
1505
223
1599
60
537
288
178
166
170
172
420
195
409
13
196
300
293
205
889
285
185
335
1696
528
169
258
690
765
529
247
371
248
255
847
1777
1505
223
1599
60
537
288
178
166
170
172
420
195
409
13
196
300
293
205
889
285
185
335
1696
528
169
258
690
765
529
247
371
248
255
847
1777
1505
223
1599
60
537
288
178
166
170
172
420
195
409
13
196
300
293
205
889
285
185
335
1696
528
169
258
690
765
529
247
371
248
255
847
1777
1505
223
1599
60
537
288
178
166
170
172
420
195
409
13
196
300
293
205
889
285
185
335
1696
528
169
258
690
765
529
247
371
248
255
847
1777
1505
223
1599
60
537
288
178
166
170
172
420
195
409
13
196
300
293
205
889
285
185
335
1696
528
169
258
690
765
529
247
371
248
255
847
1777
1505
223
1599
60
537
288
178
166
170
172
420
195
409
13
196
300
293
205
889
285
185
335
1696
528
169
258
690
765
529
247
371
248
255
847
1777
1505
223
1599
60
537
288
178
166
170
172
420
195
409
13
196
300
293
205
889
285
185
335
1696
528
169
258
690
765
529
247
371
248
255
847
1777
1505
223
1599
60
537
288
178
166
170
172
420
195
409
13
196
300
293
205
889
285
185
335
1696
528
169
258
690
765
529
247
371
248
255
847
1777
1505
223
1599
60
537
288
178
166
170
172
420
195
409
13
196
300
293
205
889
285
185
335
1696
528
169
258
690
765
529
247
371
248
255
847
1777
1505
223
1599
60
537
288
178
166
170
172
420
195
409
13
196
300
293
205
889
285
185
335
1696
528
169
258
690
765
529
247
371
248
255
847
1777
1505
223
1599
60
537
288
178
166
170
172
420
195
409
13
196
300
293
205
889
285
185
335
1696
528
169
258
690
765
529
247
371
248
255
847
1777
1505
223
1599
60
537
288
178
166
170
172
420
195
409
13
196
300
293
205
889
285
185
335
1696
528
169
258
690
765
529
247
371
248
255
847
1777
1505
223
1599
60
537
288
178
166
170
172
420
195
409
13
196
300
293
205
889
285
185
335
1696
528
169
258
690
765
529
247
371
248
255
847
1777
1505
223
1599
60
537
288
178
166
170
172
420
195
409
13
196
300
293
205
889
285
185
335
1696
528
169
258
690
765
529
247
371
248
255
847
1777
1505
223
1599
60
537
288
178
166
170
172
420
195
409
13
196
300
293
205
889
285
185
335
1696
528
169
258
690
765
529
247
371
248
255
847
1777
1505
223
1599
60
537
288
178
166
170
172
420
195
409
13
196
300
293
205
889
285
185
335
1696
528
169
258
690
765
529
247
371
248
255
847
1777
1505
223
1599
60
537
288
178
166
170
172
420
195
409
13
196
300
293
205
889
285
185
335
1696
528
169
258
690
765
529
247
371
248
255
847
1777
1505
223
1599
60
537
288
178
166
170
172
420
195
409
13
196
300
293
205
889
285
185
335
1696
528
169
258
690
765
529
247
371
248
255
847
1777
1505
223
1599
60
537
288
178
166
170
172
420
195
409
13
196
300
293
205
889
285
185
335
1696
528
169
258
690
765
529
247
371
248
255
847
1777
1505
223
1599
60
537
288
178
166
170
172
420
195
409
13
196
300
293
205
889
285
185
335
1696
528
169
258
690
765
529
247
371
248
255
847
1777
1505
223
1599
60
537
288
