6
7
5
2
4
3
1
471
756
20
1966
1638
916
808
2050
755
683
1633
488
214
470
1885
473
802
218
1821
1002
1775
2481
819
489
907
1823
689
2299
480
74
230
1771
3473
6
7
5
2
4
3
1
471
756
20
1966
1638
916
808
2050
755
683
1633
488
214
470
1885
473
802
218
1821
1002
1775
2481
819
489
907
1823
689
2299
480
74
230
1771
3473
6
7
5
2
4
3
1
471
756
20
1966
1638
916
808
2050
755
683
1633
488
214
470
1885
473
802
218
1821
1002
1775
2481
819
489
907
1823
689
2299
480
74
230
1771
3473
6
7
5
2
4
3
1
471
756
20
1966
1638
916
808
2050
755
683
1633
488
214
470
1885
473
802
218
1821
1002
1775
2481
819
489
907
1823
689
2299
480
74
230
1771
3473
6
7
5
2
4
3
1
471
756
20
1966
1638
916
808
2050
755
683
1633
488
214
470
1885
473
802
218
1821
1002
1775
2481
819
489
907
1823
689
2299
480
74
230
1771
3473
6
7
5
2
4
3
1
471
756
20
1966
1638
916
808
2050
755
683
1633
488
214
470
1885
473
802
218
1821
1002
1775
2481
819
489
907
1823
689
2299
480
74
230
1771
3473
6
7
5
2
4
3
1
471
756
20
1966
1638
916
808
2050
755
683
1633
488
214
470
1885
473
802
218
1821
1002
1775
2481
819
489
907
1823
689
2299
480
74
230
1771
3473
6
7
5
2
4
3
1
471
756
20
1966
1638
916
808
2050
755
683
1633
488
214
470
1885
473
802
218
1821
1002
1775
2481
819
489
907
1823
689
2299
480
74
230
1771
3473
6
7
5
2
4
3
1
471
756
20
1966
1638
916
808
2050
755
683
1633
488
214
470
1885
473
802
218
1821
1002
1775
2481
819
489
907
1823
689
2299
480
74
230
1771
3473
6
7
5
2
4
3
1
471
756
20
1966
1638
916
808
2050
755
683
1633
488
214
470
1885
473
802
218
1821
1002
1775
2481
819
489
907
1823
689
2299
480
74
230
1771
3473
6
7
5
2
4
3
1
471
756
20
1966
1638
916
808
2050
755
683
1633
488
214
470
1885
473
802
218
1821
1002
1775
2481
819
489
907
1823
689
2299
480
74
230
1771
3473
6
7
5
2
4
3
1
471
756
20
1966
1638
916
808
2050
755
683
1633
488
214
470
1885
473
802
218
1821
1002
1775
2481
819
489
907
1823
689
2299
480
74
230
1771
3473
6
7
5
2
4
3
1
471
756
20
1966
1638
916
808
2050
755
683
1633
488
214
470
1885
473
802
218
1821
1002
1775
2481
819
489
907
1823
689
2299
480
74
230
1771
3473
6
7
5
2
4
3
1
471
756
20
1966
1638
916
808
2050
755
683
1633
488
214
470
1885
473
802
218
1821
1002
1775
2481
819
489
907
1823
689
2299
480
74
230
1771
3473
6
7
5
2
4
3
1
471
756
20
1966
1638
916
808
2050
755
683
1633
488
214
470
1885
473
802
218
1821
1002
1775
2481
819
489
907
1823
689
2299
480
74
230
1771
3473
6
7
5
2
4
3
1
471
756
20
1966
1638
916
808
2050
755
683
1633
488
214
470
1885
473
802
218
1821
1002
1775
2481
819
489
907
1823
689
2299
480
74
230
1771
3473
6
7
5
2
4
3
1
471
756
20
1966
1638
916
808
2050
755
683
1633
488
214
470
1885
473
802
218
1821
1002
1775
2481
819
489
907
1823
689
2299
480
74
230
1771
3473
6
7
5
2
4
3
1
471
756
20
1966
1638
916
808
2050
755
683
1633
488
214
470
1885
473
802
218
1821
1002
1775
2481
819
489
907
1823
689
2299
480
74
230
1771
3473
6
7
5
2
4
3
1
471
756
20
1966
1638
916
808
2050
755
683
1633
488
214
470
1885
473
802
218
1821
1002
1775
2481
819
489
907
1823
689
2299
480
74
230
1771
3473
6
7
5
2
4
3
1
471
756
20
1966
1638
916
808
2050
755
683
1633
488
214
470
1885
473
802
218
1821
1002
1775
2481
819
489
907
1823
689
2299
480
74
230
1771
3473
6
7
5
2
4
3
1
471
756
20
1966
1638
916
808
2050
755
683
1633
488
214
470
1885
473
802
218
1821
1002
1775
2481
819
489
907
1823
689
2299
480
74
230
1771
3473
6
7
5
2
4
3
1
471
756
20
1966
1638
916
808
2050
755
683
1633
488
214
470
1885
473
802
218
1821
1002
1775
2481
819
489
907
1823
689
2299
480
74
230
1771
3473
6
7
5
2
4
3
1
471
756
20
1966
1638
916
808
2050
755
683
1633
488
214
470
1885
473
802
218
1821
1002
1775
2481
819
489
907
1823
689
2299
480
74
230
1771
3473
6
7
5
2
4
3
1
471
756
20
1966
1638
916
808
2050
755
683
1633
488
214
470
1885
473
802
218
1821
1002
1775
2481
819
489
907
1823
689
2299
480
74
230
1771
3473
6
7
5
2
4
3
1
471
756
20
1966
1638
916
808
2050
755
683
1633
488
214
470
1885
473
802
218
1821
1002
1775
2481
819
489
907
1823
689
2299
480
74
230
1771
3473
6
7
5
2
4
3
1
471
756
20
1966
1638
916
808
2050
755
683
1633
488
214
470
1885
473
802
218
1821
1002
1775
2481
819
489
907
1823
689
2299
480
74
230
1771
3473
6
7
5
2
4
3
1
471
756
20
1966
1638
916
808
2050
755
683
1633
488
214
470
1885
473
802
218
1821
1002
1775
2481
819
489
907
1823
689
2299
480
74
230
1771
3473
6
7
5
2
4
3
1
471
756
20
1966
1638
916
808
2050
755
683
1633
488
214
470
1885
473
802
218
1821
1002
1775
2481
819
489
907
1823
689
2299
480
74
230
1771
3473
6
7
5
2
4
3
1
471
756
20
1966
1638
916
808
2050
755
683
1633
488
214
470
1885
473
802
218
1821
1002
1775
2481
819
489
907
1823
689
2299
480
74
230
1771
3473
6
7
5
2
4
3
1
471
756
20
1966
1638
916
808
2050
755
683
1633
488
214
470
1885
473
802
218
1821
1002
1775
2481
819
489
907
1823
689
2299
480
74
230
1771
3473
6
7
5
2
4
3
1
471
756
20
1966
1638
916
808
2050
755
683
1633
488
214
470
1885
473
802
218
1821
1002
1775
2481
819
489
907
1823
689
2299
480
74
230
1771
3473
6
7
5
2
4
3
1
471
756
20
1966
1638
916
808
2050
755
683
1633
488
214
470
1885
473
802
218
1821
1002
1775
2481
819
489
907
1823
689
2299
480
74
230
1771
3473
6
7
5
2
4
3
1
471
756
20
1966
1638
916
808
2050
755
683
1633
488
214
470
1885
473
802
218
1821
1002
1775
2481
819
489
907
1823
689
2299
480
74
230
1771
3473
6
7
5
2
4
3
1
471
756
20
1966
1638
916
808
2050
755
683
1633
488
214
470
1885
473
802
218
1821
1002
1775
2481
819
489
907
1823
689
2299
480
74
230
1771
3473
6
7
5
2
4
3
1
471
756
20
1966
1638
916
808
2050
755
683
1633
488
214
470
1885
473
802
218
1821
1002
1775
2481
819
489
907
1823
689
2299
480
74
230
1771
3473
6
7
5
2
4
3
1
471
756
20
1966
1638
916
808
2050
755
683
1633
488
214
470
1885
473
802
218
1821
1002
1775
2481
819
489
907
1823
689
2299
480
74
230
1771
3473
6
7
5
2
4
3
1
471
756
20
1966
1638
916
808
2050
755
683
1633
488
214
470
1885
473
802
218
1821
1002
1775
2481
819
489
907
1823
689
2299
480
74
230
1771
3473
6
7
5
2
4
3
1
471
756
20
1966
1638
916
808
2050
755
683
1633
488
214
470
1885
473
802
218
1821
1002
1775
2481
819
489
907
1823
689
2299
480
74
230
1771
3473
6
7
5
2
4
3
1
471
756
20
1966
1638
916
808
2050
755
683
1633
488
214
470
1885
473
802
218
1821
1002
1775
2481
819
489
907
1823
689
2299
480
74
230
1771
3473
6
7
5
2
4
3
1
471
756
20
1966
1638
916
808
2050
755
683
1633
488
214
470
1885
473
802
218
1821
1002
1775
2481
819
489
907
1823
689
2299
480
74
230
1771
3473
6
7
5
2
4
3
1
471
756
20
1966
1638
916
808
2050
755
683
1633
488
214
470
1885
473
802
218
1821
1002
1775
2481
819
489
907
1823
689
2299
480
74
230
1771
3473
6
7
5
2
4
3
1
471
756
20
1966
1638
916
808
2050
755
683
1633
488
214
470
1885
473
802
218
1821
1002
1775
2481
819
489
907
1823
689
2299
480
74
230
1771
3473
6
7
5
2
4
3
1
471
756
20
1966
1638
916
808
2050
755
683
1633
488
214
470
1885
473
802
218
1821
1002
1775
2481
819
489
907
1823
689
2299
480
74
230
1771
3473
6
7
5
2
4
3
1
471
756
20
1966
1638
916
808
2050
755
683
1633
488
214
470
1885
473
802
218
1821
1002
1775
2481
819
489
907
1823
689
2299
480
74
230
1771
3473
6
7
5
2
4
3
1
471
756
20
1966
1638
916
808
2050
755
683
1633
488
214
470
1885
473
802
218
1821
1002
1775
2481
819
489
907
1823
689
2299
480
74
230
1771
3473
6
7
5
2
4
3
1
471
756
20
1966
1638
916
808
2050
755
683
1633
488
214
470
1885
473
802
218
1821
1002
1775
2481
819
489
907
1823
689
2299
480
74
230
1771
3473
6
7
5
2
4
3
1
471
756
20
1966
1638
916
808
2050
755
683
1633
488
214
470
1885
473
802
218
1821
1002
1775
2481
819
489
907
1823
689
2299
480
74
230
1771
3473
6
7
5
2
4
3
1
471
756
20
1966
1638
916
808
2050
755
683
1633
488
214
470
1885
473
802
218
1821
1002
1775
2481
819
489
907
1823
689
2299
480
74
230
1771
3473
6
7
5
2
4
3
1
471
756
20
1966
1638
916
808
2050
755
683
1633
488
214
470
1885
473
802
218
1821
1002
1775
2481
819
489
907
1823
689
2299
480
74
230
1771
3473
6
7
5
2
4
3
1
471
756
20
1966
1638
916
808
2050
755
683
1633
488
214
470
1885
473
802
218
1821
1002
1775
2481
819
489
907
1823
689
2299
480
74
230
1771
3473
