715
576
688
220
184
2046
1869
1515
81
809
1310
608
1254
605
1889
319
1319
679
577
399
705
318
75
1523
2102
1368
1091
2621
203
2061
725
810
1130
314
105
614
1940
1237
1369
1009
715
576
688
220
184
2046
1869
1515
81
809
1310
608
1254
605
1889
319
1319
679
577
399
705
318
75
1523
2102
1368
1091
2621
203
2061
725
810
1130
314
105
614
1940
1237
1369
1009
715
576
688
220
184
2046
1869
1515
81
809
1310
608
1254
605
1889
319
1319
679
577
399
705
318
75
1523
2102
1368
1091
2621
203
2061
725
810
1130
314
105
614
1940
1237
1369
1009
715
576
688
220
184
2046
1869
1515
81
809
1310
608
1254
605
1889
319
1319
679
577
399
705
318
75
1523
2102
1368
1091
2621
203
2061
725
810
1130
314
105
614
1940
1237
1369
1009
715
576
688
220
184
2046
1869
1515
81
809
1310
608
1254
605
1889
319
1319
679
577
399
705
318
75
1523
2102
1368
1091
2621
203
2061
725
810
1130
314
105
614
1940
1237
1369
1009
715
576
688
220
184
2046
1869
1515
81
809
1310
608
1254
605
1889
319
1319
679
577
399
705
318
75
1523
2102
1368
1091
2621
203
2061
725
810
1130
314
105
614
1940
1237
1369
1009
715
576
688
220
184
2046
1869
1515
81
809
1310
608
1254
605
1889
319
1319
679
577
399
705
318
75
1523
2102
1368
1091
2621
203
2061
725
810
1130
314
105
614
1940
1237
1369
1009
715
576
688
220
184
2046
1869
1515
81
809
1310
608
1254
605
1889
319
1319
679
577
399
705
318
75
1523
2102
1368
1091
2621
203
2061
725
810
1130
314
105
614
1940
1237
1369
1009
715
576
688
220
184
2046
1869
1515
81
809
1310
608
1254
605
1889
319
1319
679
577
399
705
318
75
1523
2102
1368
1091
2621
203
2061
725
810
1130
314
105
614
1940
1237
1369
1009
715
576
688
220
184
2046
1869
1515
81
809
1310
608
1254
605
1889
319
1319
679
577
399
705
318
75
1523
2102
1368
1091
2621
203
2061
725
810
1130
314
105
614
1940
1237
1369
1009
715
576
688
220
184
2046
1869
1515
81
809
1310
608
1254
605
1889
319
1319
679
577
399
705
318
75
1523
2102
1368
1091
2621
203
2061
725
810
1130
314
105
614
1940
1237
1369
1009
715
576
688
220
184
2046
1869
1515
81
809
1310
608
1254
605
1889
319
1319
679
577
399
705
318
75
1523
2102
1368
1091
2621
203
2061
725
810
1130
314
105
614
1940
1237
1369
1009
715
576
688
220
184
2046
1869
1515
81
809
1310
608
1254
605
1889
319
1319
679
577
399
705
318
75
1523
2102
1368
1091
2621
203
2061
725
810
1130
314
105
614
1940
1237
1369
1009
715
576
688
220
184
2046
1869
1515
81
809
1310
608
1254
605
1889
319
1319
679
577
399
705
318
75
1523
2102
1368
1091
2621
203
2061
725
810
1130
314
105
614
1940
1237
1369
1009
715
576
688
220
184
2046
1869
1515
81
809
1310
608
1254
605
1889
319
1319
679
577
399
705
318
75
1523
2102
1368
1091
2621
203
2061
725
810
1130
314
105
614
1940
1237
1369
1009
715
576
688
220
184
2046
1869
1515
81
809
1310
608
1254
605
1889
319
1319
679
577
399
705
318
75
1523
2102
1368
1091
2621
203
2061
725
810
1130
314
105
614
1940
1237
1369
1009
715
576
688
220
184
2046
1869
1515
81
809
1310
608
1254
605
1889
319
1319
679
577
399
705
318
75
1523
2102
1368
1091
2621
203
2061
725
810
1130
314
105
614
1940
1237
1369
1009
715
576
688
220
184
2046
1869
1515
81
809
1310
608
1254
605
1889
319
1319
679
577
399
705
318
75
1523
2102
1368
1091
2621
203
2061
725
810
1130
314
105
614
1940
1237
1369
1009
715
576
688
220
184
2046
1869
1515
81
809
1310
608
1254
605
1889
319
1319
679
577
399
705
318
75
1523
2102
1368
1091
2621
203
2061
725
810
1130
314
105
614
1940
1237
1369
1009
715
576
688
220
184
2046
1869
1515
81
809
1310
608
1254
605
1889
319
1319
679
577
399
705
318
75
1523
2102
1368
1091
2621
203
2061
725
810
1130
314
105
614
1940
1237
1369
1009
715
576
688
220
184
2046
1869
1515
81
809
1310
608
1254
605
1889
319
1319
679
577
399
705
318
75
1523
2102
1368
1091
2621
203
2061
725
810
1130
314
105
614
1940
1237
1369
1009
715
576
688
220
184
2046
1869
1515
81
809
1310
608
1254
605
1889
319
1319
679
577
399
705
318
75
1523
2102
1368
1091
2621
203
2061
725
810
1130
314
105
614
1940
1237
1369
1009
715
576
688
220
184
2046
1869
1515
81
809
1310
608
1254
605
1889
319
1319
679
577
399
705
318
75
1523
2102
1368
1091
2621
203
2061
725
810
1130
314
105
614
1940
1237
1369
1009
715
576
688
220
184
2046
1869
1515
81
809
1310
608
1254
605
1889
319
1319
679
577
399
705
318
75
1523
2102
1368
1091
2621
203
2061
725
810
1130
314
105
614
1940
1237
1369
1009
715
576
688
220
184
2046
1869
1515
81
809
1310
608
1254
605
1889
319
1319
679
577
399
705
318
75
1523
2102
1368
1091
2621
203
2061
725
810
1130
314
105
614
1940
1237
1369
1009
715
576
688
220
184
2046
1869
1515
81
809
1310
608
1254
605
1889
319
1319
679
577
399
705
318
75
1523
2102
1368
1091
2621
203
2061
725
810
1130
314
105
614
1940
1237
1369
1009
715
576
688
220
184
2046
1869
1515
81
809
1310
608
1254
605
1889
319
1319
679
577
399
705
318
75
1523
2102
1368
1091
2621
203
2061
725
810
1130
314
105
614
1940
1237
1369
1009
715
576
688
220
184
2046
1869
1515
81
809
1310
608
1254
605
1889
319
1319
679
577
399
705
318
75
1523
2102
1368
1091
2621
203
2061
725
810
1130
314
105
614
1940
1237
1369
1009
715
576
688
220
184
2046
1869
1515
81
809
1310
608
1254
605
1889
319
1319
679
577
399
705
318
75
1523
2102
1368
1091
2621
203
2061
725
810
1130
314
105
614
1940
1237
1369
1009
715
576
688
220
184
2046
1869
1515
81
809
1310
608
1254
605
1889
319
1319
679
577
399
705
318
75
1523
2102
1368
1091
2621
203
2061
725
810
1130
314
105
614
1940
1237
1369
1009
715
576
688
220
184
2046
1869
1515
81
809
1310
608
1254
605
1889
319
1319
679
577
399
705
318
75
1523
2102
1368
1091
2621
203
2061
725
810
1130
314
105
614
1940
1237
1369
1009
715
576
688
220
184
2046
1869
1515
81
809
1310
608
1254
605
1889
319
1319
679
577
399
705
318
75
1523
2102
1368
1091
2621
203
2061
725
810
1130
314
105
614
1940
1237
1369
1009
715
576
688
220
184
2046
1869
1515
81
809
1310
608
1254
605
1889
319
1319
679
577
399
705
318
75
1523
2102
1368
1091
2621
203
2061
725
810
1130
314
105
614
1940
1237
1369
1009
715
576
688
220
184
2046
1869
1515
81
809
1310
608
1254
605
1889
319
1319
679
577
399
705
318
75
1523
2102
1368
1091
2621
203
2061
725
810
1130
314
105
614
1940
1237
1369
1009
715
576
688
220
184
2046
1869
1515
81
809
1310
608
1254
605
1889
319
1319
679
577
399
705
318
75
1523
2102
1368
1091
2621
203
2061
725
810
1130
314
105
614
1940
1237
1369
1009
715
576
688
220
184
2046
1869
1515
81
809
1310
608
1254
605
1889
319
1319
679
577
399
705
318
75
1523
2102
1368
1091
2621
203
2061
725
810
1130
314
105
614
1940
1237
1369
1009
715
576
688
220
184
2046
1869
1515
81
809
1310
608
1254
605
1889
319
1319
679
577
399
705
318
75
1523
2102
1368
1091
2621
203
2061
725
810
1130
314
105
614
1940
1237
1369
1009
715
576
688
220
184
2046
1869
1515
81
809
1310
608
1254
605
1889
319
1319
679
577
399
705
318
75
1523
2102
1368
1091
2621
203
2061
725
810
1130
314
105
614
1940
1237
1369
1009
715
576
688
220
184
2046
1869
1515
81
809
1310
608
1254
605
1889
319
1319
679
577
399
705
318
75
1523
2102
1368
1091
2621
203
2061
725
810
1130
314
105
614
1940
1237
1369
1009
715
576
688
220
184
2046
1869
1515
81
809
1310
608
1254
605
1889
319
1319
679
577
399
705
318
75
1523
2102
1368
1091
2621
203
2061
725
810
1130
314
105
614
1940
1237
1369
1009
715
576
688
220
184
2046
1869
1515
81
809
1310
608
1254
605
1889
319
1319
679
577
399
705
318
75
1523
2102
1368
1091
2621
203
2061
725
810
1130
314
105
614
1940
1237
1369
1009
715
576
688
220
184
2046
1869
1515
81
809
1310
608
1254
605
1889
319
1319
679
577
399
705
318
75
1523
2102
1368
1091
2621
203
2061
725
810
1130
314
105
614
1940
1237
1369
1009
715
576
688
220
184
2046
1869
1515
81
809
1310
608
1254
605
1889
319
1319
679
577
399
705
318
75
1523
2102
1368
1091
2621
203
2061
725
810
1130
314
105
614
1940
1237
1369
1009
715
576
688
220
184
2046
1869
1515
81
809
1310
608
1254
605
1889
319
1319
679
577
399
705
318
75
1523
2102
1368
1091
2621
203
2061
725
810
1130
314
105
614
1940
1237
1369
1009
715
576
688
220
184
2046
1869
1515
81
809
1310
608
1254
605
1889
319
1319
679
577
399
705
318
75
1523
2102
1368
1091
2621
203
2061
725
810
1130
314
105
614
1940
1237
1369
1009
715
576
688
220
184
2046
1869
1515
81
809
1310
608
1254
605
1889
319
1319
679
577
399
705
318
75
1523
2102
1368
1091
2621
203
2061
725
810
1130
314
105
614
1940
1237
1369
1009
715
576
688
220
184
2046
1869
1515
81
809
1310
608
1254
605
1889
319
1319
679
577
399
705
318
75
1523
2102
1368
1091
2621
203
2061
725
810
1130
314
105
614
1940
1237
1369
1009
715
576
688
220
184
2046
1869
1515
81
809
1310
608
1254
605
1889
319
1319
679
577
399
705
318
75
1523
2102
1368
1091
2621
203
2061
725
810
1130
314
105
614
1940
1237
1369
1009
715
576
688
220
184
2046
1869
1515
81
809
1310
608
1254
605
1889
319
1319
679
577
399
705
318
75
1523
2102
1368
1091
2621
203
2061
725
810
1130
314
105
614
1940
1237
1369
1009
715
576
688
220
184
2046
1869
1515
81
809
1310
608
1254
605
1889
319
1319
679
577
399
705
318
75
1523
2102
1368
1091
2621
203
2061
725
810
1130
314
105
614
1940
1237
1369
1009
