27
13
90
12
11
95
183
41
100
246
27
13
90
12
11
95
183
41
100
246
27
13
90
12
11
95
183
41
100
246
27
13
90
12
11
95
183
41
100
246
27
13
90
12
11
95
183
41
100
246
27
13
90
12
11
95
183
41
100
246
27
13
90
12
11
95
183
41
100
246
27
13
90
12
11
95
183
41
100
246
27
13
90
12
11
95
183
41
100
246
27
13
90
12
11
95
183
41
100
246
27
13
90
12
11
95
183
41
100
246
27
13
90
12
11
95
183
41
100
246
27
13
90
12
11
95
183
41
100
246
27
13
90
12
11
95
183
41
100
246
27
13
90
12
11
95
183
41
100
246
27
13
90
12
11
95
183
41
100
246
27
13
90
12
11
95
183
41
100
246
27
13
90
12
11
95
183
41
100
246
27
13
90
12
11
95
183
41
100
246
27
13
90
12
11
95
183
41
100
246
27
13
90
12
11
95
183
41
100
246
27
13
90
12
11
95
183
41
100
246
27
13
90
12
11
95
183
41
100
246
27
13
90
12
11
95
183
41
100
246
27
13
90
12
11
95
183
41
100
246
27
13
90
12
11
95
183
41
100
246
27
13
90
12
11
95
183
41
100
246
27
13
90
12
11
95
183
41
100
246
27
13
90
12
11
95
183
41
100
246
27
13
90
12
11
95
183
41
100
246
27
13
90
12
11
95
183
41
100
246
27
13
90
12
11
95
183
41
100
246
27
13
90
12
11
95
183
41
100
246
27
13
90
12
11
95
183
41
100
246
27
13
90
12
11
95
183
41
100
246
27
13
90
12
11
95
183
41
100
246
27
13
90
12
11
95
183
41
100
246
27
13
90
12
11
95
183
41
100
246
27
13
90
12
11
95
183
41
100
246
27
13
90
12
11
95
183
41
100
246
27
13
90
12
11
95
183
41
100
246
27
13
90
12
11
95
183
41
100
246
27
13
90
12
11
95
183
41
100
246
27
13
90
12
11
95
183
41
100
246
27
13
90
12
11
95
183
41
100
246
27
13
90
12
11
95
183
41
100
246
27
13
90
12
11
95
183
41
100
246
27
13
90
12
11
95
183
41
100
246
27
13
90
12
11
95
183
41
100
246
27
13
90
12
11
95
183
41
100
246
