3
165
189
87
130
164
183
6
101
80
3
165
189
87
130
164
183
6
101
80
3
165
189
87
130
164
183
6
101
80
3
165
189
87
130
164
183
6
101
80
3
165
189
87
130
164
183
6
101
80
3
165
189
87
130
164
183
6
101
80
3
165
189
87
130
164
183
6
101
80
3
165
189
87
130
164
183
6
101
80
3
165
189
87
130
164
183
6
101
80
3
165
189
87
130
164
183
6
101
80
3
165
189
87
130
164
183
6
101
80
3
165
189
87
130
164
183
6
101
80
3
165
189
87
130
164
183
6
101
80
3
165
189
87
130
164
183
6
101
80
3
165
189
87
130
164
183
6
101
80
3
165
189
87
130
164
183
6
101
80
3
165
189
87
130
164
183
6
101
80
3
165
189
87
130
164
183
6
101
80
3
165
189
87
130
164
183
6
101
80
3
165
189
87
130
164
183
6
101
80
3
165
189
87
130
164
183
6
101
80
3
165
189
87
130
164
183
6
101
80
3
165
189
87
130
164
183
6
101
80
3
165
189
87
130
164
183
6
101
80
3
165
189
87
130
164
183
6
101
80
3
165
189
87
130
164
183
6
101
80
3
165
189
87
130
164
183
6
101
80
3
165
189
87
130
164
183
6
101
80
3
165
189
87
130
164
183
6
101
80
3
165
189
87
130
164
183
6
101
80
3
165
189
87
130
164
183
6
101
80
3
165
189
87
130
164
183
6
101
80
3
165
189
87
130
164
183
6
101
80
3
165
189
87
130
164
183
6
101
80
3
165
189
87
130
164
183
6
101
80
3
165
189
87
130
164
183
6
101
80
3
165
189
87
130
164
183
6
101
80
3
165
189
87
130
164
183
6
101
80
3
165
189
87
130
164
183
6
101
80
3
165
189
87
130
164
183
6
101
80
3
165
189
87
130
164
183
6
101
80
3
165
189
87
130
164
183
6
101
80
3
165
189
87
130
164
183
6
101
80
3
165
189
87
130
164
183
6
101
80
3
165
189
87
130
164
183
6
101
80
3
165
189
87
130
164
183
6
101
80
3
165
189
87
130
164
183
6
101
80
3
165
189
87
130
164
183
6
101
80
3
165
189
87
130
164
183
6
101
80
3
165
189
87
130
164
183
6
101
80
