1
50
123
34
89
223
103
141
213
4
1
50
123
34
89
223
103
141
213
4
1
50
123
34
89
223
103
141
213
4
1
50
123
34
89
223
103
141
213
4
1
50
123
34
89
223
103
141
213
4
1
50
123
34
89
223
103
141
213
4
1
50
123
34
89
223
103
141
213
4
1
50
123
34
89
223
103
141
213
4
1
50
123
34
89
223
103
141
213
4
1
50
123
34
89
223
103
141
213
4
1
50
123
34
89
223
103
141
213
4
1
50
123
34
89
223
103
141
213
4
1
50
123
34
89
223
103
141
213
4
1
50
123
34
89
223
103
141
213
4
1
50
123
34
89
223
103
141
213
4
1
50
123
34
89
223
103
141
213
4
1
50
123
34
89
223
103
141
213
4
1
50
123
34
89
223
103
141
213
4
1
50
123
34
89
223
103
141
213
4
1
50
123
34
89
223
103
141
213
4
1
50
123
34
89
223
103
141
213
4
1
50
123
34
89
223
103
141
213
4
1
50
123
34
89
223
103
141
213
4
1
50
123
34
89
223
103
141
213
4
1
50
123
34
89
223
103
141
213
4
1
50
123
34
89
223
103
141
213
4
1
50
123
34
89
223
103
141
213
4
1
50
123
34
89
223
103
141
213
4
1
50
123
34
89
223
103
141
213
4
1
50
123
34
89
223
103
141
213
4
1
50
123
34
89
223
103
141
213
4
1
50
123
34
89
223
103
141
213
4
1
50
123
34
89
223
103
141
213
4
1
50
123
34
89
223
103
141
213
4
1
50
123
34
89
223
103
141
213
4
1
50
123
34
89
223
103
141
213
4
1
50
123
34
89
223
103
141
213
4
1
50
123
34
89
223
103
141
213
4
1
50
123
34
89
223
103
141
213
4
1
50
123
34
89
223
103
141
213
4
1
50
123
34
89
223
103
141
213
4
1
50
123
34
89
223
103
141
213
4
1
50
123
34
89
223
103
141
213
4
1
50
123
34
89
223
103
141
213
4
1
50
123
34
89
223
103
141
213
4
1
50
123
34
89
223
103
141
213
4
1
50
123
34
89
223
103
141
213
4
1
50
123
34
89
223
103
141
213
4
1
50
123
34
89
223
103
141
213
4
1
50
123
34
89
223
103
141
213
4
