35
1
8
36
4
35
1
8
36
4
35
1
8
36
4
35
1
8
36
4
35
1
8
36
4
35
1
8
36
4
35
1
8
36
4
35
1
8
36
4
35
1
8
36
4
35
1
8
36
4
35
1
8
36
4
35
1
8
36
4
35
1
8
36
4
35
1
8
36
4
35
1
8
36
4
35
1
8
36
4
35
1
8
36
4
35
1
8
36
4
35
1
8
36
4
35
1
8
36
4
35
1
8
36
4
35
1
8
36
4
35
1
8
36
4
35
1
8
36
4
35
1
8
36
4
35
1
8
36
4
35
1
8
36
4
35
1
8
36
4
35
1
8
36
4
35
1
8
36
4
35
1
8
36
4
35
1
8
36
4
35
1
8
36
4
35
1
8
36
4
35
1
8
36
4
35
1
8
36
4
35
1
8
36
4
35
1
8
36
4
35
1
8
36
4
35
1
8
36
4
35
1
8
36
4
35
1
8
36
4
35
1
8
36
4
35
1
8
36
4
35
1
8
36
4
35
1
8
36
4
35
1
8
36
4
35
1
8
36
4
35
1
8
36
4
35
1
8
36
4
