18
54
6
20
103
84
81
80
78
23
18
54
6
20
103
84
81
80
78
23
18
54
6
20
103
84
81
80
78
23
18
54
6
20
103
84
81
80
78
23
18
54
6
20
103
84
81
80
78
23
18
54
6
20
103
84
81
80
78
23
18
54
6
20
103
84
81
80
78
23
18
54
6
20
103
84
81
80
78
23
18
54
6
20
103
84
81
80
78
23
18
54
6
20
103
84
81
80
78
23
18
54
6
20
103
84
81
80
78
23
18
54
6
20
103
84
81
80
78
23
18
54
6
20
103
84
81
80
78
23
18
54
6
20
103
84
81
80
78
23
18
54
6
20
103
84
81
80
78
23
18
54
6
20
103
84
81
80
78
23
18
54
6
20
103
84
81
80
78
23
18
54
6
20
103
84
81
80
78
23
18
54
6
20
103
84
81
80
78
23
18
54
6
20
103
84
81
80
78
23
18
54
6
20
103
84
81
80
78
23
18
54
6
20
103
84
81
80
78
23
18
54
6
20
103
84
81
80
78
23
18
54
6
20
103
84
81
80
78
23
18
54
6
20
103
84
81
80
78
23
18
54
6
20
103
84
81
80
78
23
18
54
6
20
103
84
81
80
78
23
18
54
6
20
103
84
81
80
78
23
18
54
6
20
103
84
81
80
78
23
18
54
6
20
103
84
81
80
78
23
18
54
6
20
103
84
81
80
78
23
18
54
6
20
103
84
81
80
78
23
18
54
6
20
103
84
81
80
78
23
18
54
6
20
103
84
81
80
78
23
18
54
6
20
103
84
81
80
78
23
18
54
6
20
103
84
81
80
78
23
18
54
6
20
103
84
81
80
78
23
18
54
6
20
103
84
81
80
78
23
18
54
6
20
103
84
81
80
78
23
18
54
6
20
103
84
81
80
78
23
18
54
6
20
103
84
81
80
78
23
18
54
6
20
103
84
81
80
78
23
18
54
6
20
103
84
81
80
78
23
18
54
6
20
103
84
81
80
78
23
18
54
6
20
103
84
81
80
78
23
18
54
6
20
103
84
81
80
78
23
18
54
6
20
103
84
81
80
78
23
18
54
6
20
103
84
81
80
78
23
18
54
6
20
103
84
81
80
78
23
18
54
6
20
103
84
81
80
78
23
