6
29
46
27
109
6
29
46
27
109
6
29
46
27
109
6
29
46
27
109
6
29
46
27
109
6
29
46
27
109
6
29
46
27
109
6
29
46
27
109
6
29
46
27
109
6
29
46
27
109
6
29
46
27
109
6
29
46
27
109
6
29
46
27
109
6
29
46
27
109
6
29
46
27
109
6
29
46
27
109
6
29
46
27
109
6
29
46
27
109
6
29
46
27
109
6
29
46
27
109
6
29
46
27
109
6
29
46
27
109
6
29
46
27
109
6
29
46
27
109
6
29
46
27
109
6
29
46
27
109
6
29
46
27
109
6
29
46
27
109
6
29
46
27
109
6
29
46
27
109
6
29
46
27
109
6
29
46
27
109
6
29
46
27
109
6
29
46
27
109
6
29
46
27
109
6
29
46
27
109
6
29
46
27
109
6
29
46
27
109
6
29
46
27
109
6
29
46
27
109
6
29
46
27
109
6
29
46
27
109
6
29
46
27
109
6
29
46
27
109
6
29
46
27
109
6
29
46
27
109
6
29
46
27
109
6
29
46
27
109
6
29
46
27
109
6
29
46
27
109
