37
39
142
192
135
146
98
244
247
271
37
39
142
192
135
146
98
244
247
271
37
39
142
192
135
146
98
244
247
271
37
39
142
192
135
146
98
244
247
271
37
39
142
192
135
146
98
244
247
271
37
39
142
192
135
146
98
244
247
271
37
39
142
192
135
146
98
244
247
271
37
39
142
192
135
146
98
244
247
271
37
39
142
192
135
146
98
244
247
271
37
39
142
192
135
146
98
244
247
271
37
39
142
192
135
146
98
244
247
271
37
39
142
192
135
146
98
244
247
271
37
39
142
192
135
146
98
244
247
271
37
39
142
192
135
146
98
244
247
271
37
39
142
192
135
146
98
244
247
271
37
39
142
192
135
146
98
244
247
271
37
39
142
192
135
146
98
244
247
271
37
39
142
192
135
146
98
244
247
271
37
39
142
192
135
146
98
244
247
271
37
39
142
192
135
146
98
244
247
271
37
39
142
192
135
146
98
244
247
271
37
39
142
192
135
146
98
244
247
271
37
39
142
192
135
146
98
244
247
271
37
39
142
192
135
146
98
244
247
271
37
39
142
192
135
146
98
244
247
271
37
39
142
192
135
146
98
244
247
271
37
39
142
192
135
146
98
244
247
271
37
39
142
192
135
146
98
244
247
271
37
39
142
192
135
146
98
244
247
271
37
39
142
192
135
146
98
244
247
271
37
39
142
192
135
146
98
244
247
271
37
39
142
192
135
146
98
244
247
271
37
39
142
192
135
146
98
244
247
271
37
39
142
192
135
146
98
244
247
271
37
39
142
192
135
146
98
244
247
271
37
39
142
192
135
146
98
244
247
271
37
39
142
192
135
146
98
244
247
271
37
39
142
192
135
146
98
244
247
271
37
39
142
192
135
146
98
244
247
271
37
39
142
192
135
146
98
244
247
271
37
39
142
192
135
146
98
244
247
271
37
39
142
192
135
146
98
244
247
271
37
39
142
192
135
146
98
244
247
271
37
39
142
192
135
146
98
244
247
271
37
39
142
192
135
146
98
244
247
271
37
39
142
192
135
146
98
244
247
271
37
39
142
192
135
146
98
244
247
271
37
39
142
192
135
146
98
244
247
271
37
39
142
192
135
146
98
244
247
271
37
39
142
192
135
146
98
244
247
271
