84
16
47
83
76
225
272
17
78
12
84
16
47
83
76
225
272
17
78
12
84
16
47
83
76
225
272
17
78
12
84
16
47
83
76
225
272
17
78
12
84
16
47
83
76
225
272
17
78
12
84
16
47
83
76
225
272
17
78
12
84
16
47
83
76
225
272
17
78
12
84
16
47
83
76
225
272
17
78
12
84
16
47
83
76
225
272
17
78
12
84
16
47
83
76
225
272
17
78
12
84
16
47
83
76
225
272
17
78
12
84
16
47
83
76
225
272
17
78
12
84
16
47
83
76
225
272
17
78
12
84
16
47
83
76
225
272
17
78
12
84
16
47
83
76
225
272
17
78
12
84
16
47
83
76
225
272
17
78
12
84
16
47
83
76
225
272
17
78
12
84
16
47
83
76
225
272
17
78
12
84
16
47
83
76
225
272
17
78
12
84
16
47
83
76
225
272
17
78
12
84
16
47
83
76
225
272
17
78
12
84
16
47
83
76
225
272
17
78
12
84
16
47
83
76
225
272
17
78
12
84
16
47
83
76
225
272
17
78
12
84
16
47
83
76
225
272
17
78
12
84
16
47
83
76
225
272
17
78
12
84
16
47
83
76
225
272
17
78
12
84
16
47
83
76
225
272
17
78
12
84
16
47
83
76
225
272
17
78
12
84
16
47
83
76
225
272
17
78
12
84
16
47
83
76
225
272
17
78
12
84
16
47
83
76
225
272
17
78
12
84
16
47
83
76
225
272
17
78
12
84
16
47
83
76
225
272
17
78
12
84
16
47
83
76
225
272
17
78
12
84
16
47
83
76
225
272
17
78
12
84
16
47
83
76
225
272
17
78
12
84
16
47
83
76
225
272
17
78
12
84
16
47
83
76
225
272
17
78
12
84
16
47
83
76
225
272
17
78
12
84
16
47
83
76
225
272
17
78
12
84
16
47
83
76
225
272
17
78
12
84
16
47
83
76
225
272
17
78
12
84
16
47
83
76
225
272
17
78
12
84
16
47
83
76
225
272
17
78
12
84
16
47
83
76
225
272
17
78
12
84
16
47
83
76
225
272
17
78
12
84
16
47
83
76
225
272
17
78
12
84
16
47
83
76
225
272
17
78
12
84
16
47
83
76
225
272
17
78
12
