18
166
60
111
113
241
209
125
221
114
18
166
60
111
113
241
209
125
221
114
18
166
60
111
113
241
209
125
221
114
18
166
60
111
113
241
209
125
221
114
18
166
60
111
113
241
209
125
221
114
18
166
60
111
113
241
209
125
221
114
18
166
60
111
113
241
209
125
221
114
18
166
60
111
113
241
209
125
221
114
18
166
60
111
113
241
209
125
221
114
18
166
60
111
113
241
209
125
221
114
18
166
60
111
113
241
209
125
221
114
18
166
60
111
113
241
209
125
221
114
18
166
60
111
113
241
209
125
221
114
18
166
60
111
113
241
209
125
221
114
18
166
60
111
113
241
209
125
221
114
18
166
60
111
113
241
209
125
221
114
18
166
60
111
113
241
209
125
221
114
18
166
60
111
113
241
209
125
221
114
18
166
60
111
113
241
209
125
221
114
18
166
60
111
113
241
209
125
221
114
18
166
60
111
113
241
209
125
221
114
18
166
60
111
113
241
209
125
221
114
18
166
60
111
113
241
209
125
221
114
18
166
60
111
113
241
209
125
221
114
18
166
60
111
113
241
209
125
221
114
18
166
60
111
113
241
209
125
221
114
18
166
60
111
113
241
209
125
221
114
18
166
60
111
113
241
209
125
221
114
18
166
60
111
113
241
209
125
221
114
18
166
60
111
113
241
209
125
221
114
18
166
60
111
113
241
209
125
221
114
18
166
60
111
113
241
209
125
221
114
18
166
60
111
113
241
209
125
221
114
18
166
60
111
113
241
209
125
221
114
18
166
60
111
113
241
209
125
221
114
18
166
60
111
113
241
209
125
221
114
18
166
60
111
113
241
209
125
221
114
18
166
60
111
113
241
209
125
221
114
18
166
60
111
113
241
209
125
221
114
18
166
60
111
113
241
209
125
221
114
18
166
60
111
113
241
209
125
221
114
18
166
60
111
113
241
209
125
221
114
18
166
60
111
113
241
209
125
221
114
18
166
60
111
113
241
209
125
221
114
18
166
60
111
113
241
209
125
221
114
18
166
60
111
113
241
209
125
221
114
18
166
60
111
113
241
209
125
221
114
18
166
60
111
113
241
209
125
221
114
18
166
60
111
113
241
209
125
221
114
18
166
60
111
113
241
209
125
221
114
