15
17
103
129
160
21
106
16
30
121
664
190
585
104
136
141
145
402
399
40
15
17
103
129
160
21
106
16
30
121
664
190
585
104
136
141
145
402
399
40
15
17
103
129
160
21
106
16
30
121
664
190
585
104
136
141
145
402
399
40
15
17
103
129
160
21
106
16
30
121
664
190
585
104
136
141
145
402
399
40
15
17
103
129
160
21
106
16
30
121
664
190
585
104
136
141
145
402
399
40
15
17
103
129
160
21
106
16
30
121
664
190
585
104
136
141
145
402
399
40
15
17
103
129
160
21
106
16
30
121
664
190
585
104
136
141
145
402
399
40
15
17
103
129
160
21
106
16
30
121
664
190
585
104
136
141
145
402
399
40
15
17
103
129
160
21
106
16
30
121
664
190
585
104
136
141
145
402
399
40
15
17
103
129
160
21
106
16
30
121
664
190
585
104
136
141
145
402
399
40
15
17
103
129
160
21
106
16
30
121
664
190
585
104
136
141
145
402
399
40
15
17
103
129
160
21
106
16
30
121
664
190
585
104
136
141
145
402
399
40
15
17
103
129
160
21
106
16
30
121
664
190
585
104
136
141
145
402
399
40
15
17
103
129
160
21
106
16
30
121
664
190
585
104
136
141
145
402
399
40
15
17
103
129
160
21
106
16
30
121
664
190
585
104
136
141
145
402
399
40
15
17
103
129
160
21
106
16
30
121
664
190
585
104
136
141
145
402
399
40
15
17
103
129
160
21
106
16
30
121
664
190
585
104
136
141
145
402
399
40
15
17
103
129
160
21
106
16
30
121
664
190
585
104
136
141
145
402
399
40
15
17
103
129
160
21
106
16
30
121
664
190
585
104
136
141
145
402
399
40
15
17
103
129
160
21
106
16
30
121
664
190
585
104
136
141
145
402
399
40
15
17
103
129
160
21
106
16
30
121
664
190
585
104
136
141
145
402
399
40
15
17
103
129
160
21
106
16
30
121
664
190
585
104
136
141
145
402
399
40
15
17
103
129
160
21
106
16
30
121
664
190
585
104
136
141
145
402
399
40
15
17
103
129
160
21
106
16
30
121
664
190
585
104
136
141
145
402
399
40
15
17
103
129
160
21
106
16
30
121
664
190
585
104
136
141
145
402
399
40
15
17
103
129
160
21
106
16
30
121
664
190
585
104
136
141
145
402
399
40
15
17
103
129
160
21
106
16
30
121
664
190
585
104
136
141
145
402
399
40
15
17
103
129
160
21
106
16
30
121
664
190
585
104
136
141
145
402
399
40
15
17
103
129
160
21
106
16
30
121
664
190
585
104
136
141
145
402
399
40
15
17
103
129
160
21
106
16
30
121
664
190
585
104
136
141
145
402
399
40
15
17
103
129
160
21
106
16
30
121
664
190
585
104
136
141
145
402
399
40
15
17
103
129
160
21
106
16
30
121
664
190
585
104
136
141
145
402
399
40
15
17
103
129
160
21
106
16
30
121
664
190
585
104
136
141
145
402
399
40
15
17
103
129
160
21
106
16
30
121
664
190
585
104
136
141
145
402
399
40
15
17
103
129
160
21
106
16
30
121
664
190
585
104
136
141
145
402
399
40
15
17
103
129
160
21
106
16
30
121
664
190
585
104
136
141
145
402
399
40
15
17
103
129
160
21
106
16
30
121
664
190
585
104
136
141
145
402
399
40
15
17
103
129
160
21
106
16
30
121
664
190
585
104
136
141
145
402
399
40
15
17
103
129
160
21
106
16
30
121
664
190
585
104
136
141
145
402
399
40
15
17
103
129
160
21
106
16
30
121
664
190
585
104
136
141
145
402
399
40
15
17
103
129
160
21
106
16
30
121
664
190
585
104
136
141
145
402
399
40
15
17
103
129
160
21
106
16
30
121
664
190
585
104
136
141
145
402
399
40
15
17
103
129
160
21
106
16
30
121
664
190
585
104
136
141
145
402
399
40
15
17
103
129
160
21
106
16
30
121
664
190
585
104
136
141
145
402
399
40
15
17
103
129
160
21
106
16
30
121
664
190
585
104
136
141
145
402
399
40
15
17
103
129
160
21
106
16
30
121
664
190
585
104
136
141
145
402
399
40
15
17
103
129
160
21
106
16
30
121
664
190
585
104
136
141
145
402
399
40
15
17
103
129
160
21
106
16
30
121
664
190
585
104
136
141
145
402
399
40
15
17
103
129
160
21
106
16
30
121
664
190
585
104
136
141
145
402
399
40
15
17
103
129
160
21
106
16
30
121
664
190
585
104
136
141
145
402
399
40
