478
54
9
33
20
295
19
527
538
44
39
491
338
296
26
332
23
463
379
37
478
54
9
33
20
295
19
527
538
44
39
491
338
296
26
332
23
463
379
37
478
54
9
33
20
295
19
527
538
44
39
491
338
296
26
332
23
463
379
37
478
54
9
33
20
295
19
527
538
44
39
491
338
296
26
332
23
463
379
37
478
54
9
33
20
295
19
527
538
44
39
491
338
296
26
332
23
463
379
37
478
54
9
33
20
295
19
527
538
44
39
491
338
296
26
332
23
463
379
37
478
54
9
33
20
295
19
527
538
44
39
491
338
296
26
332
23
463
379
37
478
54
9
33
20
295
19
527
538
44
39
491
338
296
26
332
23
463
379
37
478
54
9
33
20
295
19
527
538
44
39
491
338
296
26
332
23
463
379
37
478
54
9
33
20
295
19
527
538
44
39
491
338
296
26
332
23
463
379
37
478
54
9
33
20
295
19
527
538
44
39
491
338
296
26
332
23
463
379
37
478
54
9
33
20
295
19
527
538
44
39
491
338
296
26
332
23
463
379
37
478
54
9
33
20
295
19
527
538
44
39
491
338
296
26
332
23
463
379
37
478
54
9
33
20
295
19
527
538
44
39
491
338
296
26
332
23
463
379
37
478
54
9
33
20
295
19
527
538
44
39
491
338
296
26
332
23
463
379
37
478
54
9
33
20
295
19
527
538
44
39
491
338
296
26
332
23
463
379
37
478
54
9
33
20
295
19
527
538
44
39
491
338
296
26
332
23
463
379
37
478
54
9
33
20
295
19
527
538
44
39
491
338
296
26
332
23
463
379
37
478
54
9
33
20
295
19
527
538
44
39
491
338
296
26
332
23
463
379
37
478
54
9
33
20
295
19
527
538
44
39
491
338
296
26
332
23
463
379
37
478
54
9
33
20
295
19
527
538
44
39
491
338
296
26
332
23
463
379
37
478
54
9
33
20
295
19
527
538
44
39
491
338
296
26
332
23
463
379
37
478
54
9
33
20
295
19
527
538
44
39
491
338
296
26
332
23
463
379
37
478
54
9
33
20
295
19
527
538
44
39
491
338
296
26
332
23
463
379
37
478
54
9
33
20
295
19
527
538
44
39
491
338
296
26
332
23
463
379
37
478
54
9
33
20
295
19
527
538
44
39
491
338
296
26
332
23
463
379
37
478
54
9
33
20
295
19
527
538
44
39
491
338
296
26
332
23
463
379
37
478
54
9
33
20
295
19
527
538
44
39
491
338
296
26
332
23
463
379
37
478
54
9
33
20
295
19
527
538
44
39
491
338
296
26
332
23
463
379
37
478
54
9
33
20
295
19
527
538
44
39
491
338
296
26
332
23
463
379
37
478
54
9
33
20
295
19
527
538
44
39
491
338
296
26
332
23
463
379
37
478
54
9
33
20
295
19
527
538
44
39
491
338
296
26
332
23
463
379
37
478
54
9
33
20
295
19
527
538
44
39
491
338
296
26
332
23
463
379
37
478
54
9
33
20
295
19
527
538
44
39
491
338
296
26
332
23
463
379
37
478
54
9
33
20
295
19
527
538
44
39
491
338
296
26
332
23
463
379
37
478
54
9
33
20
295
19
527
538
44
39
491
338
296
26
332
23
463
379
37
478
54
9
33
20
295
19
527
538
44
39
491
338
296
26
332
23
463
379
37
478
54
9
33
20
295
19
527
538
44
39
491
338
296
26
332
23
463
379
37
478
54
9
33
20
295
19
527
538
44
39
491
338
296
26
332
23
463
379
37
478
54
9
33
20
295
19
527
538
44
39
491
338
296
26
332
23
463
379
37
478
54
9
33
20
295
19
527
538
44
39
491
338
296
26
332
23
463
379
37
478
54
9
33
20
295
19
527
538
44
39
491
338
296
26
332
23
463
379
37
478
54
9
33
20
295
19
527
538
44
39
491
338
296
26
332
23
463
379
37
478
54
9
33
20
295
19
527
538
44
39
491
338
296
26
332
23
463
379
37
478
54
9
33
20
295
19
527
538
44
39
491
338
296
26
332
23
463
379
37
478
54
9
33
20
295
19
527
538
44
39
491
338
296
26
332
23
463
379
37
478
54
9
33
20
295
19
527
538
44
39
491
338
296
26
332
23
463
379
37
478
54
9
33
20
295
19
527
538
44
39
491
338
296
26
332
23
463
379
37
478
54
9
33
20
295
19
527
538
44
39
491
338
296
26
332
23
463
379
37
478
54
9
33
20
295
19
527
538
44
39
491
338
296
26
332
23
463
379
37
