21
138
59
66
80
152
71
571
145
311
602
144
166
314
60
184
222
608
162
137
21
138
59
66
80
152
71
571
145
311
602
144
166
314
60
184
222
608
162
137
21
138
59
66
80
152
71
571
145
311
602
144
166
314
60
184
222
608
162
137
21
138
59
66
80
152
71
571
145
311
602
144
166
314
60
184
222
608
162
137
21
138
59
66
80
152
71
571
145
311
602
144
166
314
60
184
222
608
162
137
21
138
59
66
80
152
71
571
145
311
602
144
166
314
60
184
222
608
162
137
21
138
59
66
80
152
71
571
145
311
602
144
166
314
60
184
222
608
162
137
21
138
59
66
80
152
71
571
145
311
602
144
166
314
60
184
222
608
162
137
21
138
59
66
80
152
71
571
145
311
602
144
166
314
60
184
222
608
162
137
21
138
59
66
80
152
71
571
145
311
602
144
166
314
60
184
222
608
162
137
21
138
59
66
80
152
71
571
145
311
602
144
166
314
60
184
222
608
162
137
21
138
59
66
80
152
71
571
145
311
602
144
166
314
60
184
222
608
162
137
21
138
59
66
80
152
71
571
145
311
602
144
166
314
60
184
222
608
162
137
21
138
59
66
80
152
71
571
145
311
602
144
166
314
60
184
222
608
162
137
21
138
59
66
80
152
71
571
145
311
602
144
166
314
60
184
222
608
162
137
21
138
59
66
80
152
71
571
145
311
602
144
166
314
60
184
222
608
162
137
21
138
59
66
80
152
71
571
145
311
602
144
166
314
60
184
222
608
162
137
21
138
59
66
80
152
71
571
145
311
602
144
166
314
60
184
222
608
162
137
21
138
59
66
80
152
71
571
145
311
602
144
166
314
60
184
222
608
162
137
21
138
59
66
80
152
71
571
145
311
602
144
166
314
60
184
222
608
162
137
21
138
59
66
80
152
71
571
145
311
602
144
166
314
60
184
222
608
162
137
21
138
59
66
80
152
71
571
145
311
602
144
166
314
60
184
222
608
162
137
21
138
59
66
80
152
71
571
145
311
602
144
166
314
60
184
222
608
162
137
21
138
59
66
80
152
71
571
145
311
602
144
166
314
60
184
222
608
162
137
21
138
59
66
80
152
71
571
145
311
602
144
166
314
60
184
222
608
162
137
21
138
59
66
80
152
71
571
145
311
602
144
166
314
60
184
222
608
162
137
21
138
59
66
80
152
71
571
145
311
602
144
166
314
60
184
222
608
162
137
21
138
59
66
80
152
71
571
145
311
602
144
166
314
60
184
222
608
162
137
21
138
59
66
80
152
71
571
145
311
602
144
166
314
60
184
222
608
162
137
21
138
59
66
80
152
71
571
145
311
602
144
166
314
60
184
222
608
162
137
21
138
59
66
80
152
71
571
145
311
602
144
166
314
60
184
222
608
162
137
21
138
59
66
80
152
71
571
145
311
602
144
166
314
60
184
222
608
162
137
21
138
59
66
80
152
71
571
145
311
602
144
166
314
60
184
222
608
162
137
21
138
59
66
80
152
71
571
145
311
602
144
166
314
60
184
222
608
162
137
21
138
59
66
80
152
71
571
145
311
602
144
166
314
60
184
222
608
162
137
21
138
59
66
80
152
71
571
145
311
602
144
166
314
60
184
222
608
162
137
21
138
59
66
80
152
71
571
145
311
602
144
166
314
60
184
222
608
162
137
21
138
59
66
80
152
71
571
145
311
602
144
166
314
60
184
222
608
162
137
21
138
59
66
80
152
71
571
145
311
602
144
166
314
60
184
222
608
162
137
21
138
59
66
80
152
71
571
145
311
602
144
166
314
60
184
222
608
162
137
21
138
59
66
80
152
71
571
145
311
602
144
166
314
60
184
222
608
162
137
21
138
59
66
80
152
71
571
145
311
602
144
166
314
60
184
222
608
162
137
21
138
59
66
80
152
71
571
145
311
602
144
166
314
60
184
222
608
162
137
21
138
59
66
80
152
71
571
145
311
602
144
166
314
60
184
222
608
162
137
21
138
59
66
80
152
71
571
145
311
602
144
166
314
60
184
222
608
162
137
21
138
59
66
80
152
71
571
145
311
602
144
166
314
60
184
222
608
162
137
21
138
59
66
80
152
71
571
145
311
602
144
166
314
60
184
222
608
162
137
21
138
59
66
80
152
71
571
145
311
602
144
166
314
60
184
222
608
162
137
21
138
59
66
80
152
71
571
145
311
602
144
166
314
60
184
222
608
162
137
21
138
59
66
80
152
71
571
145
311
602
144
166
314
60
184
222
608
162
137
