545
184
455
705
489
256
496
6
326
318
549
358
546
120
410
447
255
14
254
1171
618
261
388
9
364
545
184
455
705
489
256
496
6
326
318
549
358
546
120
410
447
255
14
254
1171
618
261
388
9
364
545
184
455
705
489
256
496
6
326
318
549
358
546
120
410
447
255
14
254
1171
618
261
388
9
364
545
184
455
705
489
256
496
6
326
318
549
358
546
120
410
447
255
14
254
1171
618
261
388
9
364
545
184
455
705
489
256
496
6
326
318
549
358
546
120
410
447
255
14
254
1171
618
261
388
9
364
545
184
455
705
489
256
496
6
326
318
549
358
546
120
410
447
255
14
254
1171
618
261
388
9
364
545
184
455
705
489
256
496
6
326
318
549
358
546
120
410
447
255
14
254
1171
618
261
388
9
364
545
184
455
705
489
256
496
6
326
318
549
358
546
120
410
447
255
14
254
1171
618
261
388
9
364
545
184
455
705
489
256
496
6
326
318
549
358
546
120
410
447
255
14
254
1171
618
261
388
9
364
545
184
455
705
489
256
496
6
326
318
549
358
546
120
410
447
255
14
254
1171
618
261
388
9
364
545
184
455
705
489
256
496
6
326
318
549
358
546
120
410
447
255
14
254
1171
618
261
388
9
364
545
184
455
705
489
256
496
6
326
318
549
358
546
120
410
447
255
14
254
1171
618
261
388
9
364
545
184
455
705
489
256
496
6
326
318
549
358
546
120
410
447
255
14
254
1171
618
261
388
9
364
545
184
455
705
489
256
496
6
326
318
549
358
546
120
410
447
255
14
254
1171
618
261
388
9
364
545
184
455
705
489
256
496
6
326
318
549
358
546
120
410
447
255
14
254
1171
618
261
388
9
364
545
184
455
705
489
256
496
6
326
318
549
358
546
120
410
447
255
14
254
1171
618
261
388
9
364
545
184
455
705
489
256
496
6
326
318
549
358
546
120
410
447
255
14
254
1171
618
261
388
9
364
545
184
455
705
489
256
496
6
326
318
549
358
546
120
410
447
255
14
254
1171
618
261
388
9
364
545
184
455
705
489
256
496
6
326
318
549
358
546
120
410
447
255
14
254
1171
618
261
388
9
364
545
184
455
705
489
256
496
6
326
318
549
358
546
120
410
447
255
14
254
1171
618
261
388
9
364
545
184
455
705
489
256
496
6
326
318
549
358
546
120
410
447
255
14
254
1171
618
261
388
9
364
545
184
455
705
489
256
496
6
326
318
549
358
546
120
410
447
255
14
254
1171
618
261
388
9
364
545
184
455
705
489
256
496
6
326
318
549
358
546
120
410
447
255
14
254
1171
618
261
388
9
364
545
184
455
705
489
256
496
6
326
318
549
358
546
120
410
447
255
14
254
1171
618
261
388
9
364
545
184
455
705
489
256
496
6
326
318
549
358
546
120
410
447
255
14
254
1171
618
261
388
9
364
545
184
455
705
489
256
496
6
326
318
549
358
546
120
410
447
255
14
254
1171
618
261
388
9
364
545
184
455
705
489
256
496
6
326
318
549
358
546
120
410
447
255
14
254
1171
618
261
388
9
364
545
184
455
705
489
256
496
6
326
318
549
358
546
120
410
447
255
14
254
1171
618
261
388
9
364
545
184
455
705
489
256
496
6
326
318
549
358
546
120
410
447
255
14
254
1171
618
261
388
9
364
545
184
455
705
489
256
496
6
326
318
549
358
546
120
410
447
255
14
254
1171
618
261
388
9
364
545
184
455
705
489
256
496
6
326
318
549
358
546
120
410
447
255
14
254
1171
618
261
388
9
364
545
184
455
705
489
256
496
6
326
318
549
358
546
120
410
447
255
14
254
1171
618
261
388
9
364
545
184
455
705
489
256
496
6
326
318
549
358
546
120
410
447
255
14
254
1171
618
261
388
9
364
545
184
455
705
489
256
496
6
326
318
549
358
546
120
410
447
255
14
254
1171
618
261
388
9
364
545
184
455
705
489
256
496
6
326
318
549
358
546
120
410
447
255
14
254
1171
618
261
388
9
364
545
184
455
705
489
256
496
6
326
318
549
358
546
120
410
447
255
14
254
1171
618
261
388
9
364
545
184
455
705
489
256
496
6
326
318
549
358
546
120
410
447
255
14
254
1171
618
261
388
9
364
545
184
455
705
489
256
496
6
326
318
549
358
546
120
410
447
255
14
254
1171
618
261
388
9
364
545
184
455
705
489
256
496
6
326
318
549
358
546
120
410
447
255
14
254
1171
618
261
388
9
364
545
184
455
705
489
256
496
6
326
318
549
358
546
120
410
447
255
14
254
1171
618
261
388
9
364
545
184
455
705
489
256
496
6
326
318
549
358
546
120
410
447
255
14
254
1171
618
261
388
9
364
545
184
455
705
489
256
496
6
326
318
549
358
546
120
410
447
255
14
254
1171
618
261
388
9
364
545
184
455
705
489
256
496
6
326
318
549
358
546
120
410
447
255
14
254
1171
618
261
388
9
364
545
184
455
705
489
256
496
6
326
318
549
358
546
120
410
447
255
14
254
1171
618
261
388
9
364
545
184
455
705
489
256
496
6
326
318
549
358
546
120
410
447
255
14
254
1171
618
261
388
9
364
545
184
455
705
489
256
496
6
326
318
549
358
546
120
410
447
255
14
254
1171
618
261
388
9
364
545
184
455
705
489
256
496
6
326
318
549
358
546
120
410
447
255
14
254
1171
618
261
388
9
364
545
184
455
705
489
256
496
6
326
318
549
358
546
120
410
447
255
14
254
1171
618
261
388
9
364
545
184
455
705
489
256
496
6
326
318
549
358
546
120
410
447
255
14
254
1171
618
261
388
9
364
545
184
455
705
489
256
496
6
326
318
549
358
546
120
410
447
255
14
254
1171
618
261
388
9
364
