568
911
31
71
561
22
663
1109
23
75
1956
19
1108
707
844
1144
557
46
64
51
597
1949
587
433
1093
568
911
31
71
561
22
663
1109
23
75
1956
19
1108
707
844
1144
557
46
64
51
597
1949
587
433
1093
568
911
31
71
561
22
663
1109
23
75
1956
19
1108
707
844
1144
557
46
64
51
597
1949
587
433
1093
568
911
31
71
561
22
663
1109
23
75
1956
19
1108
707
844
1144
557
46
64
51
597
1949
587
433
1093
568
911
31
71
561
22
663
1109
23
75
1956
19
1108
707
844
1144
557
46
64
51
597
1949
587
433
1093
568
911
31
71
561
22
663
1109
23
75
1956
19
1108
707
844
1144
557
46
64
51
597
1949
587
433
1093
568
911
31
71
561
22
663
1109
23
75
1956
19
1108
707
844
1144
557
46
64
51
597
1949
587
433
1093
568
911
31
71
561
22
663
1109
23
75
1956
19
1108
707
844
1144
557
46
64
51
597
1949
587
433
1093
568
911
31
71
561
22
663
1109
23
75
1956
19
1108
707
844
1144
557
46
64
51
597
1949
587
433
1093
568
911
31
71
561
22
663
1109
23
75
1956
19
1108
707
844
1144
557
46
64
51
597
1949
587
433
1093
568
911
31
71
561
22
663
1109
23
75
1956
19
1108
707
844
1144
557
46
64
51
597
1949
587
433
1093
568
911
31
71
561
22
663
1109
23
75
1956
19
1108
707
844
1144
557
46
64
51
597
1949
587
433
1093
568
911
31
71
561
22
663
1109
23
75
1956
19
1108
707
844
1144
557
46
64
51
597
1949
587
433
1093
568
911
31
71
561
22
663
1109
23
75
1956
19
1108
707
844
1144
557
46
64
51
597
1949
587
433
1093
568
911
31
71
561
22
663
1109
23
75
1956
19
1108
707
844
1144
557
46
64
51
597
1949
587
433
1093
568
911
31
71
561
22
663
1109
23
75
1956
19
1108
707
844
1144
557
46
64
51
597
1949
587
433
1093
568
911
31
71
561
22
663
1109
23
75
1956
19
1108
707
844
1144
557
46
64
51
597
1949
587
433
1093
568
911
31
71
561
22
663
1109
23
75
1956
19
1108
707
844
1144
557
46
64
51
597
1949
587
433
1093
568
911
31
71
561
22
663
1109
23
75
1956
19
1108
707
844
1144
557
46
64
51
597
1949
587
433
1093
568
911
31
71
561
22
663
1109
23
75
1956
19
1108
707
844
1144
557
46
64
51
597
1949
587
433
1093
568
911
31
71
561
22
663
1109
23
75
1956
19
1108
707
844
1144
557
46
64
51
597
1949
587
433
1093
568
911
31
71
561
22
663
1109
23
75
1956
19
1108
707
844
1144
557
46
64
51
597
1949
587
433
1093
568
911
31
71
561
22
663
1109
23
75
1956
19
1108
707
844
1144
557
46
64
51
597
1949
587
433
1093
568
911
31
71
561
22
663
1109
23
75
1956
19
1108
707
844
1144
557
46
64
51
597
1949
587
433
1093
568
911
31
71
561
22
663
1109
23
75
1956
19
1108
707
844
1144
557
46
64
51
597
1949
587
433
1093
568
911
31
71
561
22
663
1109
23
75
1956
19
1108
707
844
1144
557
46
64
51
597
1949
587
433
1093
568
911
31
71
561
22
663
1109
23
75
1956
19
1108
707
844
1144
557
46
64
51
597
1949
587
433
1093
568
911
31
71
561
22
663
1109
23
75
1956
19
1108
707
844
1144
557
46
64
51
597
1949
587
433
1093
568
911
31
71
561
22
663
1109
23
75
1956
19
1108
707
844
1144
557
46
64
51
597
1949
587
433
1093
568
911
31
71
561
22
663
1109
23
75
1956
19
1108
707
844
1144
557
46
64
51
597
1949
587
433
1093
568
911
31
71
561
22
663
1109
23
75
1956
19
1108
707
844
1144
557
46
64
51
597
1949
587
433
1093
568
911
31
71
561
22
663
1109
23
75
1956
19
1108
707
844
1144
557
46
64
51
597
1949
587
433
1093
568
911
31
71
561
22
663
1109
23
75
1956
19
1108
707
844
1144
557
46
64
51
597
1949
587
433
1093
568
911
31
71
561
22
663
1109
23
75
1956
19
1108
707
844
1144
557
46
64
51
597
1949
587
433
1093
568
911
31
71
561
22
663
1109
23
75
1956
19
1108
707
844
1144
557
46
64
51
597
1949
587
433
1093
568
911
31
71
561
22
663
1109
23
75
1956
19
1108
707
844
1144
557
46
64
51
597
1949
587
433
1093
568
911
31
71
561
22
663
1109
23
75
1956
19
1108
707
844
1144
557
46
64
51
597
1949
587
433
1093
568
911
31
71
561
22
663
1109
23
75
1956
19
1108
707
844
1144
557
46
64
51
597
1949
587
433
1093
568
911
31
71
561
22
663
1109
23
75
1956
19
1108
707
844
1144
557
46
64
51
597
1949
587
433
1093
568
911
31
71
561
22
663
1109
23
75
1956
19
1108
707
844
1144
557
46
64
51
597
1949
587
433
1093
568
911
31
71
561
22
663
1109
23
75
1956
19
1108
707
844
1144
557
46
64
51
597
1949
587
433
1093
568
911
31
71
561
22
663
1109
23
75
1956
19
1108
707
844
1144
557
46
64
51
597
1949
587
433
1093
568
911
31
71
561
22
663
1109
23
75
1956
19
1108
707
844
1144
557
46
64
51
597
1949
587
433
1093
568
911
31
71
561
22
663
1109
23
75
1956
19
1108
707
844
1144
557
46
64
51
597
1949
587
433
1093
568
911
31
71
561
22
663
1109
23
75
1956
19
1108
707
844
1144
557
46
64
51
597
1949
587
433
1093
568
911
31
71
561
22
663
1109
23
75
1956
19
1108
707
844
1144
557
46
64
51
597
1949
587
433
1093
568
911
31
71
561
22
663
1109
23
75
1956
19
1108
707
844
1144
557
46
64
51
597
1949
587
433
1093
568
911
31
71
561
22
663
1109
23
75
1956
19
1108
707
844
1144
557
46
64
51
597
1949
587
433
1093
568
911
31
71
561
22
663
1109
23
75
1956
19
1108
707
844
1144
557
46
64
51
597
1949
587
433
1093
568
911
31
71
561
22
663
1109
23
75
1956
19
1108
707
844
1144
557
46
64
51
597
1949
587
433
1093
