6
7
882
5
2
380
293
839
294
278
1731
907
742
1
4
104
305
1379
863
307
2548
430
1388
729
1579
120
99
321
711
437
6
7
882
5
2
380
293
839
294
278
1731
907
742
1
4
104
305
1379
863
307
2548
430
1388
729
1579
120
99
321
711
437
6
7
882
5
2
380
293
839
294
278
1731
907
742
1
4
104
305
1379
863
307
2548
430
1388
729
1579
120
99
321
711
437
6
7
882
5
2
380
293
839
294
278
1731
907
742
1
4
104
305
1379
863
307
2548
430
1388
729
1579
120
99
321
711
437
6
7
882
5
2
380
293
839
294
278
1731
907
742
1
4
104
305
1379
863
307
2548
430
1388
729
1579
120
99
321
711
437
6
7
882
5
2
380
293
839
294
278
1731
907
742
1
4
104
305
1379
863
307
2548
430
1388
729
1579
120
99
321
711
437
6
7
882
5
2
380
293
839
294
278
1731
907
742
1
4
104
305
1379
863
307
2548
430
1388
729
1579
120
99
321
711
437
6
7
882
5
2
380
293
839
294
278
1731
907
742
1
4
104
305
1379
863
307
2548
430
1388
729
1579
120
99
321
711
437
6
7
882
5
2
380
293
839
294
278
1731
907
742
1
4
104
305
1379
863
307
2548
430
1388
729
1579
120
99
321
711
437
6
7
882
5
2
380
293
839
294
278
1731
907
742
1
4
104
305
1379
863
307
2548
430
1388
729
1579
120
99
321
711
437
6
7
882
5
2
380
293
839
294
278
1731
907
742
1
4
104
305
1379
863
307
2548
430
1388
729
1579
120
99
321
711
437
6
7
882
5
2
380
293
839
294
278
1731
907
742
1
4
104
305
1379
863
307
2548
430
1388
729
1579
120
99
321
711
437
6
7
882
5
2
380
293
839
294
278
1731
907
742
1
4
104
305
1379
863
307
2548
430
1388
729
1579
120
99
321
711
437
6
7
882
5
2
380
293
839
294
278
1731
907
742
1
4
104
305
1379
863
307
2548
430
1388
729
1579
120
99
321
711
437
6
7
882
5
2
380
293
839
294
278
1731
907
742
1
4
104
305
1379
863
307
2548
430
1388
729
1579
120
99
321
711
437
6
7
882
5
2
380
293
839
294
278
1731
907
742
1
4
104
305
1379
863
307
2548
430
1388
729
1579
120
99
321
711
437
6
7
882
5
2
380
293
839
294
278
1731
907
742
1
4
104
305
1379
863
307
2548
430
1388
729
1579
120
99
321
711
437
6
7
882
5
2
380
293
839
294
278
1731
907
742
1
4
104
305
1379
863
307
2548
430
1388
729
1579
120
99
321
711
437
6
7
882
5
2
380
293
839
294
278
1731
907
742
1
4
104
305
1379
863
307
2548
430
1388
729
1579
120
99
321
711
437
6
7
882
5
2
380
293
839
294
278
1731
907
742
1
4
104
305
1379
863
307
2548
430
1388
729
1579
120
99
321
711
437
6
7
882
5
2
380
293
839
294
278
1731
907
742
1
4
104
305
1379
863
307
2548
430
1388
729
1579
120
99
321
711
437
6
7
882
5
2
380
293
839
294
278
1731
907
742
1
4
104
305
1379
863
307
2548
430
1388
729
1579
120
99
321
711
437
6
7
882
5
2
380
293
839
294
278
1731
907
742
1
4
104
305
1379
863
307
2548
430
1388
729
1579
120
99
321
711
437
6
7
882
5
2
380
293
839
294
278
1731
907
742
1
4
104
305
1379
863
307
2548
430
1388
729
1579
120
99
321
711
437
6
7
882
5
2
380
293
839
294
278
1731
907
742
1
4
104
305
1379
863
307
2548
430
1388
729
1579
120
99
321
711
437
6
7
882
5
2
380
293
839
294
278
1731
907
742
1
4
104
305
1379
863
307
2548
430
1388
729
1579
120
99
321
711
437
6
7
882
5
2
380
293
839
294
278
1731
907
742
1
4
104
305
1379
863
307
2548
430
1388
729
1579
120
99
321
711
437
6
7
882
5
2
380
293
839
294
278
1731
907
742
1
4
104
305
1379
863
307
2548
430
1388
729
1579
120
99
321
711
437
6
7
882
5
2
380
293
839
294
278
1731
907
742
1
4
104
305
1379
863
307
2548
430
1388
729
1579
120
99
321
711
437
6
7
882
5
2
380
293
839
294
278
1731
907
742
1
4
104
305
1379
863
307
2548
430
1388
729
1579
120
99
321
711
437
6
7
882
5
2
380
293
839
294
278
1731
907
742
1
4
104
305
1379
863
307
2548
430
1388
729
1579
120
99
321
711
437
6
7
882
5
2
380
293
839
294
278
1731
907
742
1
4
104
305
1379
863
307
2548
430
1388
729
1579
120
99
321
711
437
6
7
882
5
2
380
293
839
294
278
1731
907
742
1
4
104
305
1379
863
307
2548
430
1388
729
1579
120
99
321
711
437
6
7
882
5
2
380
293
839
294
278
1731
907
742
1
4
104
305
1379
863
307
2548
430
1388
729
1579
120
99
321
711
437
6
7
882
5
2
380
293
839
294
278
1731
907
742
1
4
104
305
1379
863
307
2548
430
1388
729
1579
120
99
321
711
437
6
7
882
5
2
380
293
839
294
278
1731
907
742
1
4
104
305
1379
863
307
2548
430
1388
729
1579
120
99
321
711
437
6
7
882
5
2
380
293
839
294
278
1731
907
742
1
4
104
305
1379
863
307
2548
430
1388
729
1579
120
99
321
711
437
6
7
882
5
2
380
293
839
294
278
1731
907
742
1
4
104
305
1379
863
307
2548
430
1388
729
1579
120
99
321
711
437
6
7
882
5
2
380
293
839
294
278
1731
907
742
1
4
104
305
1379
863
307
2548
430
1388
729
1579
120
99
321
711
437
6
7
882
5
2
380
293
839
294
278
1731
907
742
1
4
104
305
1379
863
307
2548
430
1388
729
1579
120
99
321
711
437
6
7
882
5
2
380
293
839
294
278
1731
907
742
1
4
104
305
1379
863
307
2548
430
1388
729
1579
120
99
321
711
437
6
7
882
5
2
380
293
839
294
278
1731
907
742
1
4
104
305
1379
863
307
2548
430
1388
729
1579
120
99
321
711
437
6
7
882
5
2
380
293
839
294
278
1731
907
742
1
4
104
305
1379
863
307
2548
430
1388
729
1579
120
99
321
711
437
6
7
882
5
2
380
293
839
294
278
1731
907
742
1
4
104
305
1379
863
307
2548
430
1388
729
1579
120
99
321
711
437
6
7
882
5
2
380
293
839
294
278
1731
907
742
1
4
104
305
1379
863
307
2548
430
1388
729
1579
120
99
321
711
437
6
7
882
5
2
380
293
839
294
278
1731
907
742
1
4
104
305
1379
863
307
2548
430
1388
729
1579
120
99
321
711
437
6
7
882
5
2
380
293
839
294
278
1731
907
742
1
4
104
305
1379
863
307
2548
430
1388
729
1579
120
99
321
711
437
6
7
882
5
2
380
293
839
294
278
1731
907
742
1
4
104
305
1379
863
307
2548
430
1388
729
1579
120
99
321
711
437
6
7
882
5
2
380
293
839
294
278
1731
907
742
1
4
104
305
1379
863
307
2548
430
1388
729
1579
120
99
321
711
437
6
7
882
5
2
380
293
839
294
278
1731
907
742
1
4
104
305
1379
863
307
2548
430
1388
729
1579
120
99
321
711
437
