450
31
319
451
400
523
1
333
69
556
700
726
608
32
35
142
29
125
633
126
772
717
390
130
165
228
395
139
226
129
663
1030
729
225
1523
450
31
319
451
400
523
1
333
69
556
700
726
608
32
35
142
29
125
633
126
772
717
390
130
165
228
395
139
226
129
663
1030
729
225
1523
450
31
319
451
400
523
1
333
69
556
700
726
608
32
35
142
29
125
633
126
772
717
390
130
165
228
395
139
226
129
663
1030
729
225
1523
450
31
319
451
400
523
1
333
69
556
700
726
608
32
35
142
29
125
633
126
772
717
390
130
165
228
395
139
226
129
663
1030
729
225
1523
450
31
319
451
400
523
1
333
69
556
700
726
608
32
35
142
29
125
633
126
772
717
390
130
165
228
395
139
226
129
663
1030
729
225
1523
450
31
319
451
400
523
1
333
69
556
700
726
608
32
35
142
29
125
633
126
772
717
390
130
165
228
395
139
226
129
663
1030
729
225
1523
450
31
319
451
400
523
1
333
69
556
700
726
608
32
35
142
29
125
633
126
772
717
390
130
165
228
395
139
226
129
663
1030
729
225
1523
450
31
319
451
400
523
1
333
69
556
700
726
608
32
35
142
29
125
633
126
772
717
390
130
165
228
395
139
226
129
663
1030
729
225
1523
450
31
319
451
400
523
1
333
69
556
700
726
608
32
35
142
29
125
633
126
772
717
390
130
165
228
395
139
226
129
663
1030
729
225
1523
450
31
319
451
400
523
1
333
69
556
700
726
608
32
35
142
29
125
633
126
772
717
390
130
165
228
395
139
226
129
663
1030
729
225
1523
450
31
319
451
400
523
1
333
69
556
700
726
608
32
35
142
29
125
633
126
772
717
390
130
165
228
395
139
226
129
663
1030
729
225
1523
450
31
319
451
400
523
1
333
69
556
700
726
608
32
35
142
29
125
633
126
772
717
390
130
165
228
395
139
226
129
663
1030
729
225
1523
450
31
319
451
400
523
1
333
69
556
700
726
608
32
35
142
29
125
633
126
772
717
390
130
165
228
395
139
226
129
663
1030
729
225
1523
450
31
319
451
400
523
1
333
69
556
700
726
608
32
35
142
29
125
633
126
772
717
390
130
165
228
395
139
226
129
663
1030
729
225
1523
450
31
319
451
400
523
1
333
69
556
700
726
608
32
35
142
29
125
633
126
772
717
390
130
165
228
395
139
226
129
663
1030
729
225
1523
450
31
319
451
400
523
1
333
69
556
700
726
608
32
35
142
29
125
633
126
772
717
390
130
165
228
395
139
226
129
663
1030
729
225
1523
450
31
319
451
400
523
1
333
69
556
700
726
608
32
35
142
29
125
633
126
772
717
390
130
165
228
395
139
226
129
663
1030
729
225
1523
450
31
319
451
400
523
1
333
69
556
700
726
608
32
35
142
29
125
633
126
772
717
390
130
165
228
395
139
226
129
663
1030
729
225
1523
450
31
319
451
400
523
1
333
69
556
700
726
608
32
35
142
29
125
633
126
772
717
390
130
165
228
395
139
226
129
663
1030
729
225
1523
450
31
319
451
400
523
1
333
69
556
700
726
608
32
35
142
29
125
633
126
772
717
390
130
165
228
395
139
226
129
663
1030
729
225
1523
450
31
319
451
400
523
1
333
69
556
700
726
608
32
35
142
29
125
633
126
772
717
390
130
165
228
395
139
226
129
663
1030
729
225
1523
450
31
319
451
400
523
1
333
69
556
700
726
608
32
35
142
29
125
633
126
772
717
390
130
165
228
395
139
226
129
663
1030
729
225
1523
450
31
319
451
400
523
1
333
69
556
700
726
608
32
35
142
29
125
633
126
772
717
390
130
165
228
395
139
226
129
663
1030
729
225
1523
450
31
319
451
400
523
1
333
69
556
700
726
608
32
35
142
29
125
633
126
772
717
390
130
165
228
395
139
226
129
663
1030
729
225
1523
450
31
319
451
400
523
1
333
69
556
700
726
608
32
35
142
29
125
633
126
772
717
390
130
165
228
395
139
226
129
663
1030
729
225
1523
450
31
319
451
400
523
1
333
69
556
700
726
608
32
35
142
29
125
633
126
772
717
390
130
165
228
395
139
226
129
663
1030
729
225
1523
450
31
319
451
400
523
1
333
69
556
700
726
608
32
35
142
29
125
633
126
772
717
390
130
165
228
395
139
226
129
663
1030
729
225
1523
450
31
319
451
400
523
1
333
69
556
700
726
608
32
35
142
29
125
633
126
772
717
390
130
165
228
395
139
226
129
663
1030
729
225
1523
450
31
319
451
400
523
1
333
69
556
700
726
608
32
35
142
29
125
633
126
772
717
390
130
165
228
395
139
226
129
663
1030
729
225
1523
450
31
319
451
400
523
1
333
69
556
700
726
608
32
35
142
29
125
633
126
772
717
390
130
165
228
395
139
226
129
663
1030
729
225
1523
450
31
319
451
400
523
1
333
69
556
700
726
608
32
35
142
29
125
633
126
772
717
390
130
165
228
395
139
226
129
663
1030
729
225
1523
450
31
319
451
400
523
1
333
69
556
700
726
608
32
35
142
29
125
633
126
772
717
390
130
165
228
395
139
226
129
663
1030
729
225
1523
450
31
319
451
400
523
1
333
69
556
700
726
608
32
35
142
29
125
633
126
772
717
390
130
165
228
395
139
226
129
663
1030
729
225
1523
450
31
319
451
400
523
1
333
69
556
700
726
608
32
35
142
29
125
633
126
772
717
390
130
165
228
395
139
226
129
663
1030
729
225
1523
450
31
319
451
400
523
1
333
69
556
700
726
608
32
35
142
29
125
633
126
772
717
390
130
165
228
395
139
226
129
663
1030
729
225
1523
450
31
319
451
400
523
1
333
69
556
700
726
608
32
35
142
29
125
633
126
772
717
390
130
165
228
395
139
226
129
663
1030
729
225
1523
450
31
319
451
400
523
1
333
69
556
700
726
608
32
35
142
29
125
633
126
772
717
390
130
165
228
395
139
226
129
663
1030
729
225
1523
450
31
319
451
400
523
1
333
69
556
700
726
608
32
35
142
29
125
633
126
772
717
390
130
165
228
395
139
226
129
663
1030
729
225
1523
450
31
319
451
400
523
1
333
69
556
700
726
608
32
35
142
29
125
633
126
772
717
390
130
165
228
395
139
226
129
663
1030
729
225
1523
450
31
319
451
400
523
1
333
69
556
700
726
608
32
35
142
29
125
633
126
772
717
390
130
165
228
395
139
226
129
663
1030
729
225
1523
450
31
319
451
400
523
1
333
69
556
700
726
608
32
35
142
29
125
633
126
772
717
390
130
165
228
395
139
226
129
663
1030
729
225
1523
450
31
319
451
400
523
1
333
69
556
700
726
608
32
35
142
29
125
633
126
772
717
390
130
165
228
395
139
226
129
663
1030
729
225
1523
450
31
319
451
400
523
1
333
69
556
700
726
608
32
35
142
29
125
633
126
772
717
390
130
165
228
395
139
226
129
663
1030
729
225
1523
450
31
319
451
400
523
1
333
69
556
700
726
608
32
35
142
29
125
633
126
772
717
390
130
165
228
395
139
226
129
663
1030
729
225
1523
450
31
319
451
400
523
1
333
69
556
700
726
608
32
35
142
29
125
633
126
772
717
390
130
165
228
395
139
226
129
663
1030
729
225
1523
450
31
319
451
400
523
1
333
69
556
700
726
608
32
35
142
29
125
633
126
772
717
390
130
165
228
395
139
226
129
663
1030
729
225
1523
450
31
319
451
400
523
1
333
69
556
700
726
608
32
35
142
29
125
633
126
772
717
390
130
165
228
395
139
226
129
663
1030
729
225
1523
450
31
319
451
400
523
1
333
69
556
700
726
608
32
35
142
29
125
633
126
772
717
390
130
165
228
395
139
226
129
663
1030
729
225
1523
450
31
319
451
400
523
1
333
69
556
700
726
608
32
35
142
29
125
633
126
772
717
390
130
165
228
395
139
226
129
663
1030
729
225
1523
450
31
319
451
400
523
1
333
69
556
700
726
608
32
35
142
29
125
633
126
772
717
390
130
165
228
395
139
226
129
663
1030
729
225
1523
