178
166
172
13
690
697
169
1505
529
528
105
196
154
1749
1696
1414
804
1688
60
205
1489
195
122
2721
1847
204
201
171
1732
785
409
1599
2280
1536
2206
178
166
172
13
690
697
169
1505
529
528
105
196
154
1749
1696
1414
804
1688
60
205
1489
195
122
2721
1847
204
201
171
1732
785
409
1599
2280
1536
2206
178
166
172
13
690
697
169
1505
529
528
105
196
154
1749
1696
1414
804
1688
60
205
1489
195
122
2721
1847
204
201
171
1732
785
409
1599
2280
1536
2206
178
166
172
13
690
697
169
1505
529
528
105
196
154
1749
1696
1414
804
1688
60
205
1489
195
122
2721
1847
204
201
171
1732
785
409
1599
2280
1536
2206
178
166
172
13
690
697
169
1505
529
528
105
196
154
1749
1696
1414
804
1688
60
205
1489
195
122
2721
1847
204
201
171
1732
785
409
1599
2280
1536
2206
178
166
172
13
690
697
169
1505
529
528
105
196
154
1749
1696
1414
804
1688
60
205
1489
195
122
2721
1847
204
201
171
1732
785
409
1599
2280
1536
2206
178
166
172
13
690
697
169
1505
529
528
105
196
154
1749
1696
1414
804
1688
60
205
1489
195
122
2721
1847
204
201
171
1732
785
409
1599
2280
1536
2206
178
166
172
13
690
697
169
1505
529
528
105
196
154
1749
1696
1414
804
1688
60
205
1489
195
122
2721
1847
204
201
171
1732
785
409
1599
2280
1536
2206
178
166
172
13
690
697
169
1505
529
528
105
196
154
1749
1696
1414
804
1688
60
205
1489
195
122
2721
1847
204
201
171
1732
785
409
1599
2280
1536
2206
178
166
172
13
690
697
169
1505
529
528
105
196
154
1749
1696
1414
804
1688
60
205
1489
195
122
2721
1847
204
201
171
1732
785
409
1599
2280
1536
2206
178
166
172
13
690
697
169
1505
529
528
105
196
154
1749
1696
1414
804
1688
60
205
1489
195
122
2721
1847
204
201
171
1732
785
409
1599
2280
1536
2206
178
166
172
13
690
697
169
1505
529
528
105
196
154
1749
1696
1414
804
1688
60
205
1489
195
122
2721
1847
204
201
171
1732
785
409
1599
2280
1536
2206
178
166
172
13
690
697
169
1505
529
528
105
196
154
1749
1696
1414
804
1688
60
205
1489
195
122
2721
1847
204
201
171
1732
785
409
1599
2280
1536
2206
178
166
172
13
690
697
169
1505
529
528
105
196
154
1749
1696
1414
804
1688
60
205
1489
195
122
2721
1847
204
201
171
1732
785
409
1599
2280
1536
2206
178
166
172
13
690
697
169
1505
529
528
105
196
154
1749
1696
1414
804
1688
60
205
1489
195
122
2721
1847
204
201
171
1732
785
409
1599
2280
1536
2206
178
166
172
13
690
697
169
1505
529
528
105
196
154
1749
1696
1414
804
1688
60
205
1489
195
122
2721
1847
204
201
171
1732
785
409
1599
2280
1536
2206
178
166
172
13
690
697
169
1505
529
528
105
196
154
1749
1696
1414
804
1688
60
205
1489
195
122
2721
1847
204
201
171
1732
785
409
1599
2280
1536
2206
178
166
172
13
690
697
169
1505
529
528
105
196
154
1749
1696
1414
804
1688
60
205
1489
195
122
2721
1847
204
201
171
1732
785
409
1599
2280
1536
2206
178
166
172
13
690
697
169
1505
529
528
105
196
154
1749
1696
1414
804
1688
60
205
1489
195
122
2721
1847
204
201
171
1732
785
409
1599
2280
1536
2206
178
166
172
13
690
697
169
1505
529
528
105
196
154
1749
1696
1414
804
1688
60
205
1489
195
122
2721
1847
204
201
171
1732
785
409
1599
2280
1536
2206
178
166
172
13
690
697
169
1505
529
528
105
196
154
1749
1696
1414
804
1688
60
205
1489
195
122
2721
1847
204
201
171
1732
785
409
1599
2280
1536
2206
178
166
172
13
690
697
169
1505
529
528
105
196
154
1749
1696
1414
804
1688
60
205
1489
195
122
2721
1847
204
201
171
1732
785
409
1599
2280
1536
2206
178
166
172
13
690
697
169
1505
529
528
105
196
154
1749
1696
1414
804
1688
60
205
1489
195
122
2721
1847
204
201
171
1732
785
409
1599
2280
1536
2206
178
166
172
13
690
697
169
1505
529
528
105
196
154
1749
1696
1414
804
1688
60
205
1489
195
122
2721
1847
204
201
171
1732
785
409
1599
2280
1536
2206
178
166
172
13
690
697
169
1505
529
528
105
196
154
1749
1696
1414
804
1688
60
205
1489
195
122
2721
1847
204
201
171
1732
785
409
1599
2280
1536
2206
178
166
172
13
690
697
169
1505
529
528
105
196
154
1749
1696
1414
804
1688
60
205
1489
195
122
2721
1847
204
201
171
1732
785
409
1599
2280
1536
2206
178
166
172
13
690
697
169
1505
529
528
105
196
154
1749
1696
1414
804
1688
60
205
1489
195
122
2721
1847
204
201
171
1732
785
409
1599
2280
1536
2206
178
166
172
13
690
697
169
1505
529
528
105
196
154
1749
1696
1414
804
1688
60
205
1489
195
122
2721
1847
204
201
171
1732
785
409
1599
2280
1536
2206
178
166
172
13
690
697
169
1505
529
528
105
196
154
1749
1696
1414
804
1688
60
205
1489
195
122
2721
1847
204
201
171
1732
785
409
1599
2280
1536
2206
178
166
172
13
690
697
169
1505
529
528
105
196
154
1749
1696
1414
804
1688
60
205
1489
195
122
2721
1847
204
201
171
1732
785
409
1599
2280
1536
2206
178
166
172
13
690
697
169
1505
529
528
105
196
154
1749
1696
1414
804
1688
60
205
1489
195
122
2721
1847
204
201
171
1732
785
409
1599
2280
1536
2206
178
166
172
13
690
697
169
1505
529
528
105
196
154
1749
1696
1414
804
1688
60
205
1489
195
122
2721
1847
204
201
171
1732
785
409
1599
2280
1536
2206
178
166
172
13
690
697
169
1505
529
528
105
196
154
1749
1696
1414
804
1688
60
205
1489
195
122
2721
1847
204
201
171
1732
785
409
1599
2280
1536
2206
178
166
172
13
690
697
169
1505
529
528
105
196
154
1749
1696
1414
804
1688
60
205
1489
195
122
2721
1847
204
201
171
1732
785
409
1599
2280
1536
2206
178
166
172
13
690
697
169
1505
529
528
105
196
154
1749
1696
1414
804
1688
60
205
1489
195
122
2721
1847
204
201
171
1732
785
409
1599
2280
1536
2206
178
166
172
13
690
697
169
1505
529
528
105
196
154
1749
1696
1414
804
1688
60
205
1489
195
122
2721
1847
204
201
171
1732
785
409
1599
2280
1536
2206
178
166
172
13
690
697
169
1505
529
528
105
196
154
1749
1696
1414
804
1688
60
205
1489
195
122
2721
1847
204
201
171
1732
785
409
1599
2280
1536
2206
178
166
172
13
690
697
169
1505
529
528
105
196
154
1749
1696
1414
804
1688
60
205
1489
195
122
2721
1847
204
201
171
1732
785
409
1599
2280
1536
2206
178
166
172
13
690
697
169
1505
529
528
105
196
154
1749
1696
1414
804
1688
60
205
1489
195
122
2721
1847
204
201
171
1732
785
409
1599
2280
1536
2206
178
166
172
13
690
697
169
1505
529
528
105
196
154
1749
1696
1414
804
1688
60
205
1489
195
122
2721
1847
204
201
171
1732
785
409
1599
2280
1536
2206
178
166
172
13
690
697
169
1505
529
528
105
196
154
1749
1696
1414
804
1688
60
205
1489
195
122
2721
1847
204
201
171
1732
785
409
1599
2280
1536
2206
178
166
172
13
690
697
169
1505
529
528
105
196
154
1749
1696
1414
804
1688
60
205
1489
195
122
2721
1847
204
201
171
1732
785
409
1599
2280
1536
2206
178
166
172
13
690
697
169
1505
529
528
105
196
154
1749
1696
1414
804
1688
60
205
1489
195
122
2721
1847
204
201
171
1732
785
409
1599
2280
1536
2206
178
166
172
13
690
697
169
1505
529
528
105
196
154
1749
1696
1414
804
1688
60
205
1489
195
122
2721
1847
204
201
171
1732
785
409
1599
2280
1536
2206
178
166
172
13
690
697
169
1505
529
528
105
196
154
1749
1696
1414
804
1688
60
205
1489
195
122
2721
1847
204
201
171
1732
785
409
1599
2280
1536
2206
178
166
172
13
690
697
169
1505
529
528
105
196
154
1749
1696
1414
804
1688
60
205
1489
195
122
2721
1847
204
201
171
1732
785
409
1599
2280
1536
2206
178
166
172
13
690
697
169
1505
529
528
105
196
154
1749
1696
1414
804
1688
60
205
1489
195
122
2721
1847
204
201
171
1732
785
409
1599
2280
1536
2206
178
166
172
13
690
697
169
1505
529
528
105
196
154
1749
1696
1414
804
1688
60
205
1489
195
122
2721
1847
204
201
171
1732
785
409
1599
2280
1536
2206
178
166
172
13
690
697
169
1505
529
528
105
196
154
1749
1696
1414
804
1688
60
205
1489
195
122
2721
1847
204
201
171
1732
785
409
1599
2280
1536
2206
178
166
172
13
690
697
169
1505
529
528
105
196
154
1749
1696
1414
804
1688
60
205
1489
195
122
2721
1847
204
201
171
1732
785
409
1599
2280
1536
2206
