477
27
313
279
397
453
25
328
284
480
479
276
561
29
24
32
97
78
76
525
281
663
82
387
59
392
121
94
179
81
614
178
672
1966
673
477
27
313
279
397
453
25
328
284
480
479
276
561
29
24
32
97
78
76
525
281
663
82
387
59
392
121
94
179
81
614
178
672
1966
673
477
27
313
279
397
453
25
328
284
480
479
276
561
29
24
32
97
78
76
525
281
663
82
387
59
392
121
94
179
81
614
178
672
1966
673
477
27
313
279
397
453
25
328
284
480
479
276
561
29
24
32
97
78
76
525
281
663
82
387
59
392
121
94
179
81
614
178
672
1966
673
477
27
313
279
397
453
25
328
284
480
479
276
561
29
24
32
97
78
76
525
281
663
82
387
59
392
121
94
179
81
614
178
672
1966
673
477
27
313
279
397
453
25
328
284
480
479
276
561
29
24
32
97
78
76
525
281
663
82
387
59
392
121
94
179
81
614
178
672
1966
673
477
27
313
279
397
453
25
328
284
480
479
276
561
29
24
32
97
78
76
525
281
663
82
387
59
392
121
94
179
81
614
178
672
1966
673
477
27
313
279
397
453
25
328
284
480
479
276
561
29
24
32
97
78
76
525
281
663
82
387
59
392
121
94
179
81
614
178
672
1966
673
477
27
313
279
397
453
25
328
284
480
479
276
561
29
24
32
97
78
76
525
281
663
82
387
59
392
121
94
179
81
614
178
672
1966
673
477
27
313
279
397
453
25
328
284
480
479
276
561
29
24
32
97
78
76
525
281
663
82
387
59
392
121
94
179
81
614
178
672
1966
673
477
27
313
279
397
453
25
328
284
480
479
276
561
29
24
32
97
78
76
525
281
663
82
387
59
392
121
94
179
81
614
178
672
1966
673
477
27
313
279
397
453
25
328
284
480
479
276
561
29
24
32
97
78
76
525
281
663
82
387
59
392
121
94
179
81
614
178
672
1966
673
477
27
313
279
397
453
25
328
284
480
479
276
561
29
24
32
97
78
76
525
281
663
82
387
59
392
121
94
179
81
614
178
672
1966
673
477
27
313
279
397
453
25
328
284
480
479
276
561
29
24
32
97
78
76
525
281
663
82
387
59
392
121
94
179
81
614
178
672
1966
673
477
27
313
279
397
453
25
328
284
480
479
276
561
29
24
32
97
78
76
525
281
663
82
387
59
392
121
94
179
81
614
178
672
1966
673
477
27
313
279
397
453
25
328
284
480
479
276
561
29
24
32
97
78
76
525
281
663
82
387
59
392
121
94
179
81
614
178
672
1966
673
477
27
313
279
397
453
25
328
284
480
479
276
561
29
24
32
97
78
76
525
281
663
82
387
59
392
121
94
179
81
614
178
672
1966
673
477
27
313
279
397
453
25
328
284
480
479
276
561
29
24
32
97
78
76
525
281
663
82
387
59
392
121
94
179
81
614
178
672
1966
673
477
27
313
279
397
453
25
328
284
480
479
276
561
29
24
32
97
78
76
525
281
663
82
387
59
392
121
94
179
81
614
178
672
1966
673
477
27
313
279
397
453
25
328
284
480
479
276
561
29
24
32
97
78
76
525
281
663
82
387
59
392
121
94
179
81
614
178
672
1966
673
477
27
313
279
397
453
25
328
284
480
479
276
561
29
24
32
97
78
76
525
281
663
82
387
59
392
121
94
179
81
614
178
672
1966
673
477
27
313
279
397
453
25
328
284
480
479
276
561
29
24
32
97
78
76
525
281
663
82
387
59
392
121
94
179
81
614
178
672
1966
673
477
27
313
279
397
453
25
328
284
480
479
276
561
29
24
32
97
78
76
525
281
663
82
387
59
392
121
94
179
81
614
178
672
1966
673
477
27
313
279
397
453
25
328
284
480
479
276
561
29
24
32
97
78
76
525
281
663
82
387
59
392
121
94
179
81
614
178
672
1966
673
477
27
313
279
397
453
25
328
284
480
479
276
561
29
24
32
97
78
76
525
281
663
82
387
59
392
121
94
179
81
614
178
672
1966
673
477
27
313
279
397
453
25
328
284
480
479
276
561
29
24
32
97
78
76
525
281
663
82
387
59
392
121
94
179
81
614
178
672
1966
673
477
27
313
279
397
453
25
328
284
480
479
276
561
29
24
32
97
78
76
525
281
663
82
387
59
392
121
94
179
81
614
178
672
1966
673
477
27
313
279
397
453
25
328
284
480
479
276
561
29
24
32
97
78
76
525
281
663
82
387
59
392
121
94
179
81
614
178
672
1966
673
477
27
313
279
397
453
25
328
284
480
479
276
561
29
24
32
97
78
76
525
281
663
82
387
59
392
121
94
179
81
614
178
672
1966
673
477
27
313
279
397
453
25
328
284
480
479
276
561
29
24
32
97
78
76
525
281
663
82
387
59
392
121
94
179
81
614
178
672
1966
673
477
27
313
279
397
453
25
328
284
480
479
276
561
29
24
32
97
78
76
525
281
663
82
387
59
392
121
94
179
81
614
178
672
1966
673
477
27
313
279
397
453
25
328
284
480
479
276
561
29
24
32
97
78
76
525
281
663
82
387
59
392
121
94
179
81
614
178
672
1966
673
477
27
313
279
397
453
25
328
284
480
479
276
561
29
24
32
97
78
76
525
281
663
82
387
59
392
121
94
179
81
614
178
672
1966
673
477
27
313
279
397
453
25
328
284
480
479
276
561
29
24
32
97
78
76
525
281
663
82
387
59
392
121
94
179
81
614
178
672
1966
673
477
27
313
279
397
453
25
328
284
480
479
276
561
29
24
32
97
78
76
525
281
663
82
387
59
392
121
94
179
81
614
178
672
1966
673
477
27
313
279
397
453
25
328
284
480
479
276
561
29
24
32
97
78
76
525
281
663
82
387
59
392
121
94
179
81
614
178
672
1966
673
477
27
313
279
397
453
25
328
284
480
479
276
561
29
24
32
97
78
76
525
281
663
82
387
59
392
121
94
179
81
614
178
672
1966
673
477
27
313
279
397
453
25
328
284
480
479
276
561
29
24
32
97
78
76
525
281
663
82
387
59
392
121
94
179
81
614
178
672
1966
673
477
27
313
279
397
453
25
328
284
480
479
276
561
29
24
32
97
78
76
525
281
663
82
387
59
392
121
94
179
81
614
178
672
1966
673
477
27
313
279
397
453
25
328
284
480
479
276
561
29
24
32
97
78
76
525
281
663
82
387
59
392
121
94
179
81
614
178
672
1966
673
477
27
313
279
397
453
25
328
284
480
479
276
561
29
24
32
97
78
76
525
281
663
82
387
59
392
121
94
179
81
614
178
672
1966
673
477
27
313
279
397
453
25
328
284
480
479
276
561
29
24
32
97
78
76
525
281
663
82
387
59
392
121
94
179
81
614
178
672
1966
673
477
27
313
279
397
453
25
328
284
480
479
276
561
29
24
32
97
78
76
525
281
663
82
387
59
392
121
94
179
81
614
178
672
1966
673
477
27
313
279
397
453
25
328
284
480
479
276
561
29
24
32
97
78
76
525
281
663
82
387
59
392
121
94
179
81
614
178
672
1966
673
477
27
313
279
397
453
25
328
284
480
479
276
561
29
24
32
97
78
76
525
281
663
82
387
59
392
121
94
179
81
614
178
672
1966
673
477
27
313
279
397
453
25
328
284
480
479
276
561
29
24
32
97
78
76
525
281
663
82
387
59
392
121
94
179
81
614
178
672
1966
673
477
27
313
279
397
453
25
328
284
480
479
276
561
29
24
32
97
78
76
525
281
663
82
387
59
392
121
94
179
81
614
178
672
1966
673
477
27
313
279
397
453
25
328
284
480
479
276
561
29
24
32
97
78
76
525
281
663
82
387
59
392
121
94
179
81
614
178
672
1966
673
477
27
313
279
397
453
25
328
284
480
479
276
561
29
24
32
97
78
76
525
281
663
82
387
59
392
121
94
179
81
614
178
672
1966
673
477
27
313
279
397
453
25
328
284
480
479
276
561
29
24
32
97
78
76
525
281
663
82
387
59
392
121
94
179
81
614
178
672
1966
673
