715
688
576
2046
1869
220
81
1889
608
1310
399
2061
679
2102
184
1091
705
577
203
1523
28
314
318
2064
809
1319
1254
319
83
2078
1130
1940
1369
1120
170
605
725
1237
1710
2067
715
688
576
2046
1869
220
81
1889
608
1310
399
2061
679
2102
184
1091
705
577
203
1523
28
314
318
2064
809
1319
1254
319
83
2078
1130
1940
1369
1120
170
605
725
1237
1710
2067
715
688
576
2046
1869
220
81
1889
608
1310
399
2061
679
2102
184
1091
705
577
203
1523
28
314
318
2064
809
1319
1254
319
83
2078
1130
1940
1369
1120
170
605
725
1237
1710
2067
715
688
576
2046
1869
220
81
1889
608
1310
399
2061
679
2102
184
1091
705
577
203
1523
28
314
318
2064
809
1319
1254
319
83
2078
1130
1940
1369
1120
170
605
725
1237
1710
2067
715
688
576
2046
1869
220
81
1889
608
1310
399
2061
679
2102
184
1091
705
577
203
1523
28
314
318
2064
809
1319
1254
319
83
2078
1130
1940
1369
1120
170
605
725
1237
1710
2067
715
688
576
2046
1869
220
81
1889
608
1310
399
2061
679
2102
184
1091
705
577
203
1523
28
314
318
2064
809
1319
1254
319
83
2078
1130
1940
1369
1120
170
605
725
1237
1710
2067
715
688
576
2046
1869
220
81
1889
608
1310
399
2061
679
2102
184
1091
705
577
203
1523
28
314
318
2064
809
1319
1254
319
83
2078
1130
1940
1369
1120
170
605
725
1237
1710
2067
715
688
576
2046
1869
220
81
1889
608
1310
399
2061
679
2102
184
1091
705
577
203
1523
28
314
318
2064
809
1319
1254
319
83
2078
1130
1940
1369
1120
170
605
725
1237
1710
2067
715
688
576
2046
1869
220
81
1889
608
1310
399
2061
679
2102
184
1091
705
577
203
1523
28
314
318
2064
809
1319
1254
319
83
2078
1130
1940
1369
1120
170
605
725
1237
1710
2067
715
688
576
2046
1869
220
81
1889
608
1310
399
2061
679
2102
184
1091
705
577
203
1523
28
314
318
2064
809
1319
1254
319
83
2078
1130
1940
1369
1120
170
605
725
1237
1710
2067
715
688
576
2046
1869
220
81
1889
608
1310
399
2061
679
2102
184
1091
705
577
203
1523
28
314
318
2064
809
1319
1254
319
83
2078
1130
1940
1369
1120
170
605
725
1237
1710
2067
715
688
576
2046
1869
220
81
1889
608
1310
399
2061
679
2102
184
1091
705
577
203
1523
28
314
318
2064
809
1319
1254
319
83
2078
1130
1940
1369
1120
170
605
725
1237
1710
2067
715
688
576
2046
1869
220
81
1889
608
1310
399
2061
679
2102
184
1091
705
577
203
1523
28
314
318
2064
809
1319
1254
319
83
2078
1130
1940
1369
1120
170
605
725
1237
1710
2067
715
688
576
2046
1869
220
81
1889
608
1310
399
2061
679
2102
184
1091
705
577
203
1523
28
314
318
2064
809
1319
1254
319
83
2078
1130
1940
1369
1120
170
605
725
1237
1710
2067
715
688
576
2046
1869
220
81
1889
608
1310
399
2061
679
2102
184
1091
705
577
203
1523
28
314
318
2064
809
1319
1254
319
83
2078
1130
1940
1369
1120
170
605
725
1237
1710
2067
715
688
576
2046
1869
220
81
1889
608
1310
399
2061
679
2102
184
1091
705
577
203
1523
28
314
318
2064
809
1319
1254
319
83
2078
1130
1940
1369
1120
170
605
725
1237
1710
2067
715
688
576
2046
1869
220
81
1889
608
1310
399
2061
679
2102
184
1091
705
577
203
1523
28
314
318
2064
809
1319
1254
319
83
2078
1130
1940
1369
1120
170
605
725
1237
1710
2067
715
688
576
2046
1869
220
81
1889
608
1310
399
2061
679
2102
184
1091
705
577
203
1523
28
314
318
2064
809
1319
1254
319
83
2078
1130
1940
1369
1120
170
605
725
1237
1710
2067
715
688
576
2046
1869
220
81
1889
608
1310
399
2061
679
2102
184
1091
705
577
203
1523
28
314
318
2064
809
1319
1254
319
83
2078
1130
1940
1369
1120
170
605
725
1237
1710
2067
715
688
576
2046
1869
220
81
1889
608
1310
399
2061
679
2102
184
1091
705
577
203
1523
28
314
318
2064
809
1319
1254
319
83
2078
1130
1940
1369
1120
170
605
725
1237
1710
2067
715
688
576
2046
1869
220
81
1889
608
1310
399
2061
679
2102
184
1091
705
577
203
1523
28
314
318
2064
809
1319
1254
319
83
2078
1130
1940
1369
1120
170
605
725
1237
1710
2067
715
688
576
2046
1869
220
81
1889
608
1310
399
2061
679
2102
184
1091
705
577
203
1523
28
314
318
2064
809
1319
1254
319
83
2078
1130
1940
1369
1120
170
605
725
1237
1710
2067
715
688
576
2046
1869
220
81
1889
608
1310
399
2061
679
2102
184
1091
705
577
203
1523
28
314
318
2064
809
1319
1254
319
83
2078
1130
1940
1369
1120
170
605
725
1237
1710
2067
715
688
576
2046
1869
220
81
1889
608
1310
399
2061
679
2102
184
1091
705
577
203
1523
28
314
318
2064
809
1319
1254
319
83
2078
1130
1940
1369
1120
170
605
725
1237
1710
2067
715
688
576
2046
1869
220
81
1889
608
1310
399
2061
679
2102
184
1091
705
577
203
1523
28
314
318
2064
809
1319
1254
319
83
2078
1130
1940
1369
1120
170
605
725
1237
1710
2067
715
688
576
2046
1869
220
81
1889
608
1310
399
2061
679
2102
184
1091
705
577
203
1523
28
314
318
2064
809
1319
1254
319
83
2078
1130
1940
1369
1120
170
605
725
1237
1710
2067
715
688
576
2046
1869
220
81
1889
608
1310
399
2061
679
2102
184
1091
705
577
203
1523
28
314
318
2064
809
1319
1254
319
83
2078
1130
1940
1369
1120
170
605
725
1237
1710
2067
715
688
576
2046
1869
220
81
1889
608
1310
399
2061
679
2102
184
1091
705
577
203
1523
28
314
318
2064
809
1319
1254
319
83
2078
1130
1940
1369
1120
170
605
725
1237
1710
2067
715
688
576
2046
1869
220
81
1889
608
1310
399
2061
679
2102
184
1091
705
577
203
1523
28
314
318
2064
809
1319
1254
319
83
2078
1130
1940
1369
1120
170
605
725
1237
1710
2067
715
688
576
2046
1869
220
81
1889
608
1310
399
2061
679
2102
184
1091
705
577
203
1523
28
314
318
2064
809
1319
1254
319
83
2078
1130
1940
1369
1120
170
605
725
1237
1710
2067
715
688
576
2046
1869
220
81
1889
608
1310
399
2061
679
2102
184
1091
705
577
203
1523
28
314
318
2064
809
1319
1254
319
83
2078
1130
1940
1369
1120
170
605
725
1237
1710
2067
715
688
576
2046
1869
220
81
1889
608
1310
399
2061
679
2102
184
1091
705
577
203
1523
28
314
318
2064
809
1319
1254
319
83
2078
1130
1940
1369
1120
170
605
725
1237
1710
2067
715
688
576
2046
1869
220
81
1889
608
1310
399
2061
679
2102
184
1091
705
577
203
1523
28
314
318
2064
809
1319
1254
319
83
2078
1130
1940
1369
1120
170
605
725
1237
1710
2067
715
688
576
2046
1869
220
81
1889
608
1310
399
2061
679
2102
184
1091
705
577
203
1523
28
314
318
2064
809
1319
1254
319
83
2078
1130
1940
1369
1120
170
605
725
1237
1710
2067
715
688
576
2046
1869
220
81
1889
608
1310
399
2061
679
2102
184
1091
705
577
203
1523
28
314
318
2064
809
1319
1254
319
83
2078
1130
1940
1369
1120
170
605
725
1237
1710
2067
715
688
576
2046
1869
220
81
1889
608
1310
399
2061
679
2102
184
1091
705
577
203
1523
28
314
318
2064
809
1319
1254
319
83
2078
1130
1940
1369
1120
170
605
725
1237
1710
2067
715
688
576
2046
1869
220
81
1889
608
1310
399
2061
679
2102
184
1091
705
577
203
1523
28
314
318
2064
809
1319
1254
319
83
2078
1130
1940
1369
1120
170
605
725
1237
1710
2067
715
688
576
2046
1869
220
81
1889
608
1310
399
2061
679
2102
184
1091
705
577
203
1523
28
314
318
2064
809
1319
1254
319
83
2078
1130
1940
1369
1120
170
605
725
1237
1710
2067
715
688
576
2046
1869
220
81
1889
608
1310
399
2061
679
2102
184
1091
705
577
203
1523
28
314
318
2064
809
1319
1254
319
83
2078
1130
1940
1369
1120
170
605
725
1237
1710
2067
715
688
576
2046
1869
220
81
1889
608
1310
399
2061
679
2102
184
1091
705
577
203
1523
28
314
318
2064
809
1319
1254
319
83
2078
1130
1940
1369
1120
170
605
725
1237
1710
2067
715
688
576
2046
1869
220
81
1889
608
1310
399
2061
679
2102
184
1091
705
577
203
1523
28
314
318
2064
809
1319
1254
319
83
2078
1130
1940
1369
1120
170
605
725
1237
1710
2067
715
688
576
2046
1869
220
81
1889
608
1310
399
2061
679
2102
184
1091
705
577
203
1523
28
314
318
2064
809
1319
1254
319
83
2078
1130
1940
1369
1120
170
605
725
1237
1710
2067
715
688
576
2046
1869
220
81
1889
608
1310
399
2061
679
2102
184
1091
705
577
203
1523
28
314
318
2064
809
1319
1254
319
83
2078
1130
1940
1369
1120
170
605
725
1237
1710
2067
715
688
576
2046
1869
220
81
1889
608
1310
399
2061
679
2102
184
1091
705
577
203
1523
28
314
318
2064
809
1319
1254
319
83
2078
1130
1940
1369
1120
170
605
725
1237
1710
2067
715
688
576
2046
1869
220
81
1889
608
1310
399
2061
679
2102
184
1091
705
577
203
1523
28
314
318
2064
809
1319
1254
319
83
2078
1130
1940
1369
1120
170
605
725
1237
1710
2067
715
688
576
2046
1869
220
81
1889
608
1310
399
2061
679
2102
184
1091
705
577
203
1523
28
314
318
2064
809
1319
1254
319
83
2078
1130
1940
1369
1120
170
605
725
1237
1710
2067
715
688
576
2046
1869
220
81
1889
608
1310
399
2061
679
2102
184
1091
705
577
203
1523
28
314
318
2064
809
1319
1254
319
83
2078
1130
1940
1369
1120
170
605
725
1237
1710
2067
715
688
576
2046
1869
220
81
1889
608
1310
399
2061
679
2102
184
1091
705
577
203
1523
28
314
318
2064
809
1319
1254
319
83
2078
1130
1940
1369
1120
170
605
725
1237
1710
2067
715
688
576
2046
1869
220
81
1889
608
1310
399
2061
679
2102
184
1091
705
577
203
1523
28
314
318
2064
809
1319
1254
319
83
2078
1130
1940
1369
1120
170
605
725
1237
1710
2067
715
688
576
2046
1869
220
81
1889
608
1310
399
2061
679
2102
184
1091
705
577
203
1523
28
314
318
2064
809
1319
1254
319
83
2078
1130
1940
1369
1120
170
605
725
1237
1710
2067
