916
689
218
1506
6
238
214
1002
5
2
1529
7
1771
1008
1546
1498
1448
2062
299
468
1227
1018
1373
1223
1798
1042
940
1097
210
2882
1400
1
4335
4391
5669
919
4389
1467
808
1190
916
689
218
1506
6
238
214
1002
5
2
1529
7
1771
1008
1546
1498
1448
2062
299
468
1227
1018
1373
1223
1798
1042
940
1097
210
2882
1400
1
4335
4391
5669
919
4389
1467
808
1190
916
689
218
1506
6
238
214
1002
5
2
1529
7
1771
1008
1546
1498
1448
2062
299
468
1227
1018
1373
1223
1798
1042
940
1097
210
2882
1400
1
4335
4391
5669
919
4389
1467
808
1190
916
689
218
1506
6
238
214
1002
5
2
1529
7
1771
1008
1546
1498
1448
2062
299
468
1227
1018
1373
1223
1798
1042
940
1097
210
2882
1400
1
4335
4391
5669
919
4389
1467
808
1190
916
689
218
1506
6
238
214
1002
5
2
1529
7
1771
1008
1546
1498
1448
2062
299
468
1227
1018
1373
1223
1798
1042
940
1097
210
2882
1400
1
4335
4391
5669
919
4389
1467
808
1190
916
689
218
1506
6
238
214
1002
5
2
1529
7
1771
1008
1546
1498
1448
2062
299
468
1227
1018
1373
1223
1798
1042
940
1097
210
2882
1400
1
4335
4391
5669
919
4389
1467
808
1190
916
689
218
1506
6
238
214
1002
5
2
1529
7
1771
1008
1546
1498
1448
2062
299
468
1227
1018
1373
1223
1798
1042
940
1097
210
2882
1400
1
4335
4391
5669
919
4389
1467
808
1190
916
689
218
1506
6
238
214
1002
5
2
1529
7
1771
1008
1546
1498
1448
2062
299
468
1227
1018
1373
1223
1798
1042
940
1097
210
2882
1400
1
4335
4391
5669
919
4389
1467
808
1190
916
689
218
1506
6
238
214
1002
5
2
1529
7
1771
1008
1546
1498
1448
2062
299
468
1227
1018
1373
1223
1798
1042
940
1097
210
2882
1400
1
4335
4391
5669
919
4389
1467
808
1190
916
689
218
1506
6
238
214
1002
5
2
1529
7
1771
1008
1546
1498
1448
2062
299
468
1227
1018
1373
1223
1798
1042
940
1097
210
2882
1400
1
4335
4391
5669
919
4389
1467
808
1190
916
689
218
1506
6
238
214
1002
5
2
1529
7
1771
1008
1546
1498
1448
2062
299
468
1227
1018
1373
1223
1798
1042
940
1097
210
2882
1400
1
4335
4391
5669
919
4389
1467
808
1190
916
689
218
1506
6
238
214
1002
5
2
1529
7
1771
1008
1546
1498
1448
2062
299
468
1227
1018
1373
1223
1798
1042
940
1097
210
2882
1400
1
4335
4391
5669
919
4389
1467
808
1190
916
689
218
1506
6
238
214
1002
5
2
1529
7
1771
1008
1546
1498
1448
2062
299
468
1227
1018
1373
1223
1798
1042
940
1097
210
2882
1400
1
4335
4391
5669
919
4389
1467
808
1190
916
689
218
1506
6
238
214
1002
5
2
1529
7
1771
1008
1546
1498
1448
2062
299
468
1227
1018
1373
1223
1798
1042
940
1097
210
2882
1400
1
4335
4391
5669
919
4389
1467
808
1190
916
689
218
1506
6
238
214
1002
5
2
1529
7
1771
1008
1546
1498
1448
2062
299
468
1227
1018
1373
1223
1798
1042
940
1097
210
2882
1400
1
4335
4391
5669
919
4389
1467
808
1190
916
689
218
1506
6
238
214
1002
5
2
1529
7
1771
1008
1546
1498
1448
2062
299
468
1227
1018
1373
1223
1798
1042
940
1097
210
2882
1400
1
4335
4391
5669
919
4389
1467
808
1190
916
689
218
1506
6
238
214
1002
5
2
1529
7
1771
1008
1546
1498
1448
2062
299
468
1227
1018
1373
1223
1798
1042
940
1097
210
2882
1400
1
4335
4391
5669
919
4389
1467
808
1190
916
689
218
1506
6
238
214
1002
5
2
1529
7
1771
1008
1546
1498
1448
2062
299
468
1227
1018
1373
1223
1798
1042
940
1097
210
2882
1400
1
4335
4391
5669
919
4389
1467
808
1190
916
689
218
1506
6
238
214
1002
5
2
1529
7
1771
1008
1546
1498
1448
2062
299
468
1227
1018
1373
1223
1798
1042
940
1097
210
2882
1400
1
4335
4391
5669
919
4389
1467
808
1190
916
689
218
1506
6
238
214
1002
5
2
1529
7
1771
1008
1546
1498
1448
2062
299
468
1227
1018
1373
1223
1798
1042
940
1097
210
2882
1400
1
4335
4391
5669
919
4389
1467
808
1190
916
689
218
1506
6
238
214
1002
5
2
1529
7
1771
1008
1546
1498
1448
2062
299
468
1227
1018
1373
1223
1798
1042
940
1097
210
2882
1400
1
4335
4391
5669
919
4389
1467
808
1190
916
689
218
1506
6
238
214
1002
5
2
1529
7
1771
1008
1546
1498
1448
2062
299
468
1227
1018
1373
1223
1798
1042
940
1097
210
2882
1400
1
4335
4391
5669
919
4389
1467
808
1190
916
689
218
1506
6
238
214
1002
5
2
1529
7
1771
1008
1546
1498
1448
2062
299
468
1227
1018
1373
1223
1798
1042
940
1097
210
2882
1400
1
4335
4391
5669
919
4389
1467
808
1190
916
689
218
1506
6
238
214
1002
5
2
1529
7
1771
1008
1546
1498
1448
2062
299
468
1227
1018
1373
1223
1798
1042
940
1097
210
2882
1400
1
4335
4391
5669
919
4389
1467
808
1190
916
689
218
1506
6
238
214
1002
5
2
1529
7
1771
1008
1546
1498
1448
2062
299
468
1227
1018
1373
1223
1798
1042
940
1097
210
2882
1400
1
4335
4391
5669
919
4389
1467
808
1190
916
689
218
1506
6
238
214
1002
5
2
1529
7
1771
1008
1546
1498
1448
2062
299
468
1227
1018
1373
1223
1798
1042
940
1097
210
2882
1400
1
4335
4391
5669
919
4389
1467
808
1190
916
689
218
1506
6
238
214
1002
5
2
1529
7
1771
1008
1546
1498
1448
2062
299
468
1227
1018
1373
1223
1798
1042
940
1097
210
2882
1400
1
4335
4391
5669
919
4389
1467
808
1190
916
689
218
1506
6
238
214
1002
5
2
1529
7
1771
1008
1546
1498
1448
2062
299
468
1227
1018
1373
1223
1798
1042
940
1097
210
2882
1400
1
4335
4391
5669
919
4389
1467
808
1190
916
689
218
1506
6
238
214
1002
5
2
1529
7
1771
1008
1546
1498
1448
2062
299
468
1227
1018
1373
1223
1798
1042
940
1097
210
2882
1400
1
4335
4391
5669
919
4389
1467
808
1190
916
689
218
1506
6
238
214
1002
5
2
1529
7
1771
1008
1546
1498
1448
2062
299
468
1227
1018
1373
1223
1798
1042
940
1097
210
2882
1400
1
4335
4391
5669
919
4389
1467
808
1190
916
689
218
1506
6
238
214
1002
5
2
1529
7
1771
1008
1546
1498
1448
2062
299
468
1227
1018
1373
1223
1798
1042
940
1097
210
2882
1400
1
4335
4391
5669
919
4389
1467
808
1190
916
689
218
1506
6
238
214
1002
5
2
1529
7
1771
1008
1546
1498
1448
2062
299
468
1227
1018
1373
1223
1798
1042
940
1097
210
2882
1400
1
4335
4391
5669
919
4389
1467
808
1190
916
689
218
1506
6
238
214
1002
5
2
1529
7
1771
1008
1546
1498
1448
2062
299
468
1227
1018
1373
1223
1798
1042
940
1097
210
2882
1400
1
4335
4391
5669
919
4389
1467
808
1190
916
689
218
1506
6
238
214
1002
5
2
1529
7
1771
1008
1546
1498
1448
2062
299
468
1227
1018
1373
1223
1798
1042
940
1097
210
2882
1400
1
4335
4391
5669
919
4389
1467
808
1190
916
689
218
1506
6
238
214
1002
5
2
1529
7
1771
1008
1546
1498
1448
2062
299
468
1227
1018
1373
1223
1798
1042
940
1097
210
2882
1400
1
4335
4391
5669
919
4389
1467
808
1190
916
689
218
1506
6
238
214
1002
5
2
1529
7
1771
1008
1546
1498
1448
2062
299
468
1227
1018
1373
1223
1798
1042
940
1097
210
2882
1400
1
4335
4391
5669
919
4389
1467
808
1190
916
689
218
1506
6
238
214
1002
5
2
1529
7
1771
1008
1546
1498
1448
2062
299
468
1227
1018
1373
1223
1798
1042
940
1097
210
2882
1400
1
4335
4391
5669
919
4389
1467
808
1190
916
689
218
1506
6
238
214
1002
5
2
1529
7
1771
1008
1546
1498
1448
2062
299
468
1227
1018
1373
1223
1798
1042
940
1097
210
2882
1400
1
4335
4391
5669
919
4389
1467
808
1190
916
689
218
1506
6
238
214
1002
5
2
1529
7
1771
1008
1546
1498
1448
2062
299
468
1227
1018
1373
1223
1798
1042
940
1097
210
2882
1400
1
4335
4391
5669
919
4389
1467
808
1190
916
689
218
1506
6
238
214
1002
5
2
1529
7
1771
1008
1546
1498
1448
2062
299
468
1227
1018
1373
1223
1798
1042
940
1097
210
2882
1400
1
4335
4391
5669
919
4389
1467
808
1190
916
689
218
1506
6
238
214
1002
5
2
1529
7
1771
1008
1546
1498
1448
2062
299
468
1227
1018
1373
1223
1798
1042
940
1097
210
2882
1400
1
4335
4391
5669
919
4389
1467
808
1190
916
689
218
1506
6
238
214
1002
5
2
1529
7
1771
1008
1546
1498
1448
2062
299
468
1227
1018
1373
1223
1798
1042
940
1097
210
2882
1400
1
4335
4391
5669
919
4389
1467
808
1190
916
689
218
1506
6
238
214
1002
5
2
1529
7
1771
1008
1546
1498
1448
2062
299
468
1227
1018
1373
1223
1798
1042
940
1097
210
2882
1400
1
4335
4391
5669
919
4389
1467
808
1190
916
689
218
1506
6
238
214
1002
5
2
1529
7
1771
1008
1546
1498
1448
2062
299
468
1227
1018
1373
1223
1798
1042
940
1097
210
2882
1400
1
4335
4391
5669
919
4389
1467
808
1190
916
689
218
1506
6
238
214
1002
5
2
1529
7
1771
1008
1546
1498
1448
2062
299
468
1227
1018
1373
1223
1798
1042
940
1097
210
2882
1400
1
4335
4391
5669
919
4389
1467
808
1190
916
689
218
1506
6
238
214
1002
5
2
1529
7
1771
1008
1546
1498
1448
2062
299
468
1227
1018
1373
1223
1798
1042
940
1097
210
2882
1400
1
4335
4391
5669
919
4389
1467
808
1190
916
689
218
1506
6
238
214
1002
5
2
1529
7
1771
1008
1546
1498
1448
2062
299
468
1227
1018
1373
1223
1798
1042
940
1097
210
2882
1400
1
4335
4391
5669
919
4389
1467
808
1190
916
689
218
1506
6
238
214
1002
5
2
1529
7
1771
1008
1546
1498
1448
2062
299
468
1227
1018
1373
1223
1798
1042
940
1097
210
2882
1400
1
4335
4391
5669
919
4389
1467
808
1190
916
689
218
1506
6
238
214
1002
5
2
1529
7
1771
1008
1546
1498
1448
2062
299
468
1227
1018
1373
1223
1798
1042
940
1097
210
2882
1400
1
4335
4391
5669
919
4389
1467
808
1190
916
689
218
1506
6
238
214
1002
5
2
1529
7
1771
1008
1546
1498
1448
2062
299
468
1227
1018
1373
1223
1798
1042
940
1097
210
2882
1400
1
4335
4391
5669
919
4389
1467
808
1190
