199
198
194
197
196
193
109
39
38
33
199
198
194
197
196
193
109
39
38
33
199
198
194
197
196
193
109
39
38
33
199
198
194
197
196
193
109
39
38
33
199
198
194
197
196
193
109
39
38
33
199
198
194
197
196
193
109
39
38
33
199
198
194
197
196
193
109
39
38
33
199
198
194
197
196
193
109
39
38
33
199
198
194
197
196
193
109
39
38
33
199
198
194
197
196
193
109
39
38
33
199
198
194
197
196
193
109
39
38
33
199
198
194
197
196
193
109
39
38
33
199
198
194
197
196
193
109
39
38
33
199
198
194
197
196
193
109
39
38
33
199
198
194
197
196
193
109
39
38
33
199
198
194
197
196
193
109
39
38
33
199
198
194
197
196
193
109
39
38
33
199
198
194
197
196
193
109
39
38
33
199
198
194
197
196
193
109
39
38
33
199
198
194
197
196
193
109
39
38
33
199
198
194
197
196
193
109
39
38
33
199
198
194
197
196
193
109
39
38
33
199
198
194
197
196
193
109
39
38
33
199
198
194
197
196
193
109
39
38
33
199
198
194
197
196
193
109
39
38
33
199
198
194
197
196
193
109
39
38
33
199
198
194
197
196
193
109
39
38
33
199
198
194
197
196
193
109
39
38
33
199
198
194
197
196
193
109
39
38
33
199
198
194
197
196
193
109
39
38
33
199
198
194
197
196
193
109
39
38
33
199
198
194
197
196
193
109
39
38
33
199
198
194
197
196
193
109
39
38
33
199
198
194
197
196
193
109
39
38
33
199
198
194
197
196
193
109
39
38
33
199
198
194
197
196
193
109
39
38
33
199
198
194
197
196
193
109
39
38
33
199
198
194
197
196
193
109
39
38
33
199
198
194
197
196
193
109
39
38
33
199
198
194
197
196
193
109
39
38
33
199
198
194
197
196
193
109
39
38
33
199
198
194
197
196
193
109
39
38
33
199
198
194
197
196
193
109
39
38
33
199
198
194
197
196
193
109
39
38
33
199
198
194
197
196
193
109
39
38
33
199
198
194
197
196
193
109
39
38
33
199
198
194
197
196
193
109
39
38
33
199
198
194
197
196
193
109
39
38
33
199
198
194
197
196
193
109
39
38
33
199
198
194
197
196
193
109
39
38
33
