291
6
239
147
149
130
24
22
7
245
291
6
239
147
149
130
24
22
7
245
291
6
239
147
149
130
24
22
7
245
291
6
239
147
149
130
24
22
7
245
291
6
239
147
149
130
24
22
7
245
291
6
239
147
149
130
24
22
7
245
291
6
239
147
149
130
24
22
7
245
291
6
239
147
149
130
24
22
7
245
291
6
239
147
149
130
24
22
7
245
291
6
239
147
149
130
24
22
7
245
291
6
239
147
149
130
24
22
7
245
291
6
239
147
149
130
24
22
7
245
291
6
239
147
149
130
24
22
7
245
291
6
239
147
149
130
24
22
7
245
291
6
239
147
149
130
24
22
7
245
291
6
239
147
149
130
24
22
7
245
291
6
239
147
149
130
24
22
7
245
291
6
239
147
149
130
24
22
7
245
291
6
239
147
149
130
24
22
7
245
291
6
239
147
149
130
24
22
7
245
291
6
239
147
149
130
24
22
7
245
291
6
239
147
149
130
24
22
7
245
291
6
239
147
149
130
24
22
7
245
291
6
239
147
149
130
24
22
7
245
291
6
239
147
149
130
24
22
7
245
291
6
239
147
149
130
24
22
7
245
291
6
239
147
149
130
24
22
7
245
291
6
239
147
149
130
24
22
7
245
291
6
239
147
149
130
24
22
7
245
291
6
239
147
149
130
24
22
7
245
291
6
239
147
149
130
24
22
7
245
291
6
239
147
149
130
24
22
7
245
291
6
239
147
149
130
24
22
7
245
291
6
239
147
149
130
24
22
7
245
291
6
239
147
149
130
24
22
7
245
291
6
239
147
149
130
24
22
7
245
291
6
239
147
149
130
24
22
7
245
291
6
239
147
149
130
24
22
7
245
291
6
239
147
149
130
24
22
7
245
291
6
239
147
149
130
24
22
7
245
291
6
239
147
149
130
24
22
7
245
291
6
239
147
149
130
24
22
7
245
291
6
239
147
149
130
24
22
7
245
291
6
239
147
149
130
24
22
7
245
291
6
239
147
149
130
24
22
7
245
291
6
239
147
149
130
24
22
7
245
291
6
239
147
149
130
24
22
7
245
291
6
239
147
149
130
24
22
7
245
291
6
239
147
149
130
24
22
7
245
291
6
239
147
149
130
24
22
7
245
