199
195
197
191
193
192
106
38
30
92
199
195
197
191
193
192
106
38
30
92
199
195
197
191
193
192
106
38
30
92
199
195
197
191
193
192
106
38
30
92
199
195
197
191
193
192
106
38
30
92
199
195
197
191
193
192
106
38
30
92
199
195
197
191
193
192
106
38
30
92
199
195
197
191
193
192
106
38
30
92
199
195
197
191
193
192
106
38
30
92
199
195
197
191
193
192
106
38
30
92
199
195
197
191
193
192
106
38
30
92
199
195
197
191
193
192
106
38
30
92
199
195
197
191
193
192
106
38
30
92
199
195
197
191
193
192
106
38
30
92
199
195
197
191
193
192
106
38
30
92
199
195
197
191
193
192
106
38
30
92
199
195
197
191
193
192
106
38
30
92
199
195
197
191
193
192
106
38
30
92
199
195
197
191
193
192
106
38
30
92
199
195
197
191
193
192
106
38
30
92
199
195
197
191
193
192
106
38
30
92
199
195
197
191
193
192
106
38
30
92
199
195
197
191
193
192
106
38
30
92
199
195
197
191
193
192
106
38
30
92
199
195
197
191
193
192
106
38
30
92
199
195
197
191
193
192
106
38
30
92
199
195
197
191
193
192
106
38
30
92
199
195
197
191
193
192
106
38
30
92
199
195
197
191
193
192
106
38
30
92
199
195
197
191
193
192
106
38
30
92
199
195
197
191
193
192
106
38
30
92
199
195
197
191
193
192
106
38
30
92
199
195
197
191
193
192
106
38
30
92
199
195
197
191
193
192
106
38
30
92
199
195
197
191
193
192
106
38
30
92
199
195
197
191
193
192
106
38
30
92
199
195
197
191
193
192
106
38
30
92
199
195
197
191
193
192
106
38
30
92
199
195
197
191
193
192
106
38
30
92
199
195
197
191
193
192
106
38
30
92
199
195
197
191
193
192
106
38
30
92
199
195
197
191
193
192
106
38
30
92
199
195
197
191
193
192
106
38
30
92
199
195
197
191
193
192
106
38
30
92
199
195
197
191
193
192
106
38
30
92
199
195
197
191
193
192
106
38
30
92
199
195
197
191
193
192
106
38
30
92
199
195
197
191
193
192
106
38
30
92
199
195
197
191
193
192
106
38
30
92
199
195
197
191
193
192
106
38
30
92
