198
194
191
192
272
274
278
108
103
101
198
194
191
192
272
274
278
108
103
101
198
194
191
192
272
274
278
108
103
101
198
194
191
192
272
274
278
108
103
101
198
194
191
192
272
274
278
108
103
101
198
194
191
192
272
274
278
108
103
101
198
194
191
192
272
274
278
108
103
101
198
194
191
192
272
274
278
108
103
101
198
194
191
192
272
274
278
108
103
101
198
194
191
192
272
274
278
108
103
101
198
194
191
192
272
274
278
108
103
101
198
194
191
192
272
274
278
108
103
101
198
194
191
192
272
274
278
108
103
101
198
194
191
192
272
274
278
108
103
101
198
194
191
192
272
274
278
108
103
101
198
194
191
192
272
274
278
108
103
101
198
194
191
192
272
274
278
108
103
101
198
194
191
192
272
274
278
108
103
101
198
194
191
192
272
274
278
108
103
101
198
194
191
192
272
274
278
108
103
101
198
194
191
192
272
274
278
108
103
101
198
194
191
192
272
274
278
108
103
101
198
194
191
192
272
274
278
108
103
101
198
194
191
192
272
274
278
108
103
101
198
194
191
192
272
274
278
108
103
101
198
194
191
192
272
274
278
108
103
101
198
194
191
192
272
274
278
108
103
101
198
194
191
192
272
274
278
108
103
101
198
194
191
192
272
274
278
108
103
101
198
194
191
192
272
274
278
108
103
101
198
194
191
192
272
274
278
108
103
101
198
194
191
192
272
274
278
108
103
101
198
194
191
192
272
274
278
108
103
101
198
194
191
192
272
274
278
108
103
101
198
194
191
192
272
274
278
108
103
101
198
194
191
192
272
274
278
108
103
101
198
194
191
192
272
274
278
108
103
101
198
194
191
192
272
274
278
108
103
101
198
194
191
192
272
274
278
108
103
101
198
194
191
192
272
274
278
108
103
101
198
194
191
192
272
274
278
108
103
101
198
194
191
192
272
274
278
108
103
101
198
194
191
192
272
274
278
108
103
101
198
194
191
192
272
274
278
108
103
101
198
194
191
192
272
274
278
108
103
101
198
194
191
192
272
274
278
108
103
101
198
194
191
192
272
274
278
108
103
101
198
194
191
192
272
274
278
108
103
101
198
194
191
192
272
274
278
108
103
101
198
194
191
192
272
274
278
108
103
101
