297
197
196
272
273
275
276
100
335
99
297
197
196
272
273
275
276
100
335
99
297
197
196
272
273
275
276
100
335
99
297
197
196
272
273
275
276
100
335
99
297
197
196
272
273
275
276
100
335
99
297
197
196
272
273
275
276
100
335
99
297
197
196
272
273
275
276
100
335
99
297
197
196
272
273
275
276
100
335
99
297
197
196
272
273
275
276
100
335
99
297
197
196
272
273
275
276
100
335
99
297
197
196
272
273
275
276
100
335
99
297
197
196
272
273
275
276
100
335
99
297
197
196
272
273
275
276
100
335
99
297
197
196
272
273
275
276
100
335
99
297
197
196
272
273
275
276
100
335
99
297
197
196
272
273
275
276
100
335
99
297
197
196
272
273
275
276
100
335
99
297
197
196
272
273
275
276
100
335
99
297
197
196
272
273
275
276
100
335
99
297
197
196
272
273
275
276
100
335
99
297
197
196
272
273
275
276
100
335
99
297
197
196
272
273
275
276
100
335
99
297
197
196
272
273
275
276
100
335
99
297
197
196
272
273
275
276
100
335
99
297
197
196
272
273
275
276
100
335
99
297
197
196
272
273
275
276
100
335
99
297
197
196
272
273
275
276
100
335
99
297
197
196
272
273
275
276
100
335
99
297
197
196
272
273
275
276
100
335
99
297
197
196
272
273
275
276
100
335
99
297
197
196
272
273
275
276
100
335
99
297
197
196
272
273
275
276
100
335
99
297
197
196
272
273
275
276
100
335
99
297
197
196
272
273
275
276
100
335
99
297
197
196
272
273
275
276
100
335
99
297
197
196
272
273
275
276
100
335
99
297
197
196
272
273
275
276
100
335
99
297
197
196
272
273
275
276
100
335
99
297
197
196
272
273
275
276
100
335
99
297
197
196
272
273
275
276
100
335
99
297
197
196
272
273
275
276
100
335
99
297
197
196
272
273
275
276
100
335
99
297
197
196
272
273
275
276
100
335
99
297
197
196
272
273
275
276
100
335
99
297
197
196
272
273
275
276
100
335
99
297
197
196
272
273
275
276
100
335
99
297
197
196
272
273
275
276
100
335
99
297
197
196
272
273
275
276
100
335
99
297
197
196
272
273
275
276
100
335
99
297
197
196
272
273
275
276
100
335
99
