24
21
22
23
4
24
21
22
23
4
24
21
22
23
4
24
21
22
23
4
24
21
22
23
4
24
21
22
23
4
24
21
22
23
4
24
21
22
23
4
24
21
22
23
4
24
21
22
23
4
24
21
22
23
4
24
21
22
23
4
24
21
22
23
4
24
21
22
23
4
24
21
22
23
4
24
21
22
23
4
24
21
22
23
4
24
21
22
23
4
24
21
22
23
4
24
21
22
23
4
24
21
22
23
4
24
21
22
23
4
24
21
22
23
4
24
21
22
23
4
24
21
22
23
4
24
21
22
23
4
24
21
22
23
4
24
21
22
23
4
24
21
22
23
4
24
21
22
23
4
24
21
22
23
4
24
21
22
23
4
24
21
22
23
4
24
21
22
23
4
24
21
22
23
4
24
21
22
23
4
24
21
22
23
4
24
21
22
23
4
24
21
22
23
4
24
21
22
23
4
24
21
22
23
4
24
21
22
23
4
24
21
22
23
4
24
21
22
23
4
24
21
22
23
4
24
21
22
23
4
24
21
22
23
4
24
21
22
23
4
24
21
22
23
4
24
21
22
23
4
