108
109
107
33
32
36
35
91
90
1
108
109
107
33
32
36
35
91
90
1
108
109
107
33
32
36
35
91
90
1
108
109
107
33
32
36
35
91
90
1
108
109
107
33
32
36
35
91
90
1
108
109
107
33
32
36
35
91
90
1
108
109
107
33
32
36
35
91
90
1
108
109
107
33
32
36
35
91
90
1
108
109
107
33
32
36
35
91
90
1
108
109
107
33
32
36
35
91
90
1
108
109
107
33
32
36
35
91
90
1
108
109
107
33
32
36
35
91
90
1
108
109
107
33
32
36
35
91
90
1
108
109
107
33
32
36
35
91
90
1
108
109
107
33
32
36
35
91
90
1
108
109
107
33
32
36
35
91
90
1
108
109
107
33
32
36
35
91
90
1
108
109
107
33
32
36
35
91
90
1
108
109
107
33
32
36
35
91
90
1
108
109
107
33
32
36
35
91
90
1
108
109
107
33
32
36
35
91
90
1
108
109
107
33
32
36
35
91
90
1
108
109
107
33
32
36
35
91
90
1
108
109
107
33
32
36
35
91
90
1
108
109
107
33
32
36
35
91
90
1
108
109
107
33
32
36
35
91
90
1
108
109
107
33
32
36
35
91
90
1
108
109
107
33
32
36
35
91
90
1
108
109
107
33
32
36
35
91
90
1
108
109
107
33
32
36
35
91
90
1
108
109
107
33
32
36
35
91
90
1
108
109
107
33
32
36
35
91
90
1
108
109
107
33
32
36
35
91
90
1
108
109
107
33
32
36
35
91
90
1
108
109
107
33
32
36
35
91
90
1
108
109
107
33
32
36
35
91
90
1
108
109
107
33
32
36
35
91
90
1
108
109
107
33
32
36
35
91
90
1
108
109
107
33
32
36
35
91
90
1
108
109
107
33
32
36
35
91
90
1
108
109
107
33
32
36
35
91
90
1
108
109
107
33
32
36
35
91
90
1
108
109
107
33
32
36
35
91
90
1
108
109
107
33
32
36
35
91
90
1
108
109
107
33
32
36
35
91
90
1
108
109
107
33
32
36
35
91
90
1
108
109
107
33
32
36
35
91
90
1
108
109
107
33
32
36
35
91
90
1
108
109
107
33
32
36
35
91
90
1
108
109
107
33
32
36
35
91
90
1
