197
275
108
103
100
106
107
30
6
99
197
275
108
103
100
106
107
30
6
99
197
275
108
103
100
106
107
30
6
99
197
275
108
103
100
106
107
30
6
99
197
275
108
103
100
106
107
30
6
99
197
275
108
103
100
106
107
30
6
99
197
275
108
103
100
106
107
30
6
99
197
275
108
103
100
106
107
30
6
99
197
275
108
103
100
106
107
30
6
99
197
275
108
103
100
106
107
30
6
99
197
275
108
103
100
106
107
30
6
99
197
275
108
103
100
106
107
30
6
99
197
275
108
103
100
106
107
30
6
99
197
275
108
103
100
106
107
30
6
99
197
275
108
103
100
106
107
30
6
99
197
275
108
103
100
106
107
30
6
99
197
275
108
103
100
106
107
30
6
99
197
275
108
103
100
106
107
30
6
99
197
275
108
103
100
106
107
30
6
99
197
275
108
103
100
106
107
30
6
99
197
275
108
103
100
106
107
30
6
99
197
275
108
103
100
106
107
30
6
99
197
275
108
103
100
106
107
30
6
99
197
275
108
103
100
106
107
30
6
99
197
275
108
103
100
106
107
30
6
99
197
275
108
103
100
106
107
30
6
99
197
275
108
103
100
106
107
30
6
99
197
275
108
103
100
106
107
30
6
99
197
275
108
103
100
106
107
30
6
99
197
275
108
103
100
106
107
30
6
99
197
275
108
103
100
106
107
30
6
99
197
275
108
103
100
106
107
30
6
99
197
275
108
103
100
106
107
30
6
99
197
275
108
103
100
106
107
30
6
99
197
275
108
103
100
106
107
30
6
99
197
275
108
103
100
106
107
30
6
99
197
275
108
103
100
106
107
30
6
99
197
275
108
103
100
106
107
30
6
99
197
275
108
103
100
106
107
30
6
99
197
275
108
103
100
106
107
30
6
99
197
275
108
103
100
106
107
30
6
99
197
275
108
103
100
106
107
30
6
99
197
275
108
103
100
106
107
30
6
99
197
275
108
103
100
106
107
30
6
99
197
275
108
103
100
106
107
30
6
99
197
275
108
103
100
106
107
30
6
99
197
275
108
103
100
106
107
30
6
99
197
275
108
103
100
106
107
30
6
99
197
275
108
103
100
106
107
30
6
99
197
275
108
103
100
106
107
30
6
99
