138
27
29
8
127
138
27
29
8
127
138
27
29
8
127
138
27
29
8
127
138
27
29
8
127
138
27
29
8
127
138
27
29
8
127
138
27
29
8
127
138
27
29
8
127
138
27
29
8
127
138
27
29
8
127
138
27
29
8
127
138
27
29
8
127
138
27
29
8
127
138
27
29
8
127
138
27
29
8
127
138
27
29
8
127
138
27
29
8
127
138
27
29
8
127
138
27
29
8
127
138
27
29
8
127
138
27
29
8
127
138
27
29
8
127
138
27
29
8
127
138
27
29
8
127
138
27
29
8
127
138
27
29
8
127
138
27
29
8
127
138
27
29
8
127
138
27
29
8
127
138
27
29
8
127
138
27
29
8
127
138
27
29
8
127
138
27
29
8
127
138
27
29
8
127
138
27
29
8
127
138
27
29
8
127
138
27
29
8
127
138
27
29
8
127
138
27
29
8
127
138
27
29
8
127
138
27
29
8
127
138
27
29
8
127
138
27
29
8
127
138
27
29
8
127
138
27
29
8
127
138
27
29
8
127
138
27
29
8
127
138
27
29
8
127
138
27
29
8
127
