20
21
29
4
68
20
21
29
4
68
20
21
29
4
68
20
21
29
4
68
20
21
29
4
68
20
21
29
4
68
20
21
29
4
68
20
21
29
4
68
20
21
29
4
68
20
21
29
4
68
20
21
29
4
68
20
21
29
4
68
20
21
29
4
68
20
21
29
4
68
20
21
29
4
68
20
21
29
4
68
20
21
29
4
68
20
21
29
4
68
20
21
29
4
68
20
21
29
4
68
20
21
29
4
68
20
21
29
4
68
20
21
29
4
68
20
21
29
4
68
20
21
29
4
68
20
21
29
4
68
20
21
29
4
68
20
21
29
4
68
20
21
29
4
68
20
21
29
4
68
20
21
29
4
68
20
21
29
4
68
20
21
29
4
68
20
21
29
4
68
20
21
29
4
68
20
21
29
4
68
20
21
29
4
68
20
21
29
4
68
20
21
29
4
68
20
21
29
4
68
20
21
29
4
68
20
21
29
4
68
20
21
29
4
68
20
21
29
4
68
20
21
29
4
68
20
21
29
4
68
20
21
29
4
68
20
21
29
4
68
20
21
29
4
68
20
21
29
4
68
