421
422
295
590
194
191
192
272
273
274
421
422
295
590
194
191
192
272
273
274
421
422
295
590
194
191
192
272
273
274
421
422
295
590
194
191
192
272
273
274
421
422
295
590
194
191
192
272
273
274
421
422
295
590
194
191
192
272
273
274
421
422
295
590
194
191
192
272
273
274
421
422
295
590
194
191
192
272
273
274
421
422
295
590
194
191
192
272
273
274
421
422
295
590
194
191
192
272
273
274
421
422
295
590
194
191
192
272
273
274
421
422
295
590
194
191
192
272
273
274
421
422
295
590
194
191
192
272
273
274
421
422
295
590
194
191
192
272
273
274
421
422
295
590
194
191
192
272
273
274
421
422
295
590
194
191
192
272
273
274
421
422
295
590
194
191
192
272
273
274
421
422
295
590
194
191
192
272
273
274
421
422
295
590
194
191
192
272
273
274
421
422
295
590
194
191
192
272
273
274
421
422
295
590
194
191
192
272
273
274
421
422
295
590
194
191
192
272
273
274
421
422
295
590
194
191
192
272
273
274
421
422
295
590
194
191
192
272
273
274
421
422
295
590
194
191
192
272
273
274
421
422
295
590
194
191
192
272
273
274
421
422
295
590
194
191
192
272
273
274
421
422
295
590
194
191
192
272
273
274
421
422
295
590
194
191
192
272
273
274
421
422
295
590
194
191
192
272
273
274
421
422
295
590
194
191
192
272
273
274
421
422
295
590
194
191
192
272
273
274
421
422
295
590
194
191
192
272
273
274
421
422
295
590
194
191
192
272
273
274
421
422
295
590
194
191
192
272
273
274
421
422
295
590
194
191
192
272
273
274
421
422
295
590
194
191
192
272
273
274
421
422
295
590
194
191
192
272
273
274
421
422
295
590
194
191
192
272
273
274
421
422
295
590
194
191
192
272
273
274
421
422
295
590
194
191
192
272
273
274
421
422
295
590
194
191
192
272
273
274
421
422
295
590
194
191
192
272
273
274
421
422
295
590
194
191
192
272
273
274
421
422
295
590
194
191
192
272
273
274
421
422
295
590
194
191
192
272
273
274
421
422
295
590
194
191
192
272
273
274
421
422
295
590
194
191
192
272
273
274
421
422
295
590
194
191
192
272
273
274
421
422
295
590
194
191
192
272
273
274
