129
424
290
291
198
197
192
270
272
524
129
424
290
291
198
197
192
270
272
524
129
424
290
291
198
197
192
270
272
524
129
424
290
291
198
197
192
270
272
524
129
424
290
291
198
197
192
270
272
524
129
424
290
291
198
197
192
270
272
524
129
424
290
291
198
197
192
270
272
524
129
424
290
291
198
197
192
270
272
524
129
424
290
291
198
197
192
270
272
524
129
424
290
291
198
197
192
270
272
524
129
424
290
291
198
197
192
270
272
524
129
424
290
291
198
197
192
270
272
524
129
424
290
291
198
197
192
270
272
524
129
424
290
291
198
197
192
270
272
524
129
424
290
291
198
197
192
270
272
524
129
424
290
291
198
197
192
270
272
524
129
424
290
291
198
197
192
270
272
524
129
424
290
291
198
197
192
270
272
524
129
424
290
291
198
197
192
270
272
524
129
424
290
291
198
197
192
270
272
524
129
424
290
291
198
197
192
270
272
524
129
424
290
291
198
197
192
270
272
524
129
424
290
291
198
197
192
270
272
524
129
424
290
291
198
197
192
270
272
524
129
424
290
291
198
197
192
270
272
524
129
424
290
291
198
197
192
270
272
524
129
424
290
291
198
197
192
270
272
524
129
424
290
291
198
197
192
270
272
524
129
424
290
291
198
197
192
270
272
524
129
424
290
291
198
197
192
270
272
524
129
424
290
291
198
197
192
270
272
524
129
424
290
291
198
197
192
270
272
524
129
424
290
291
198
197
192
270
272
524
129
424
290
291
198
197
192
270
272
524
129
424
290
291
198
197
192
270
272
524
129
424
290
291
198
197
192
270
272
524
129
424
290
291
198
197
192
270
272
524
129
424
290
291
198
197
192
270
272
524
129
424
290
291
198
197
192
270
272
524
129
424
290
291
198
197
192
270
272
524
129
424
290
291
198
197
192
270
272
524
129
424
290
291
198
197
192
270
272
524
129
424
290
291
198
197
192
270
272
524
129
424
290
291
198
197
192
270
272
524
129
424
290
291
198
197
192
270
272
524
129
424
290
291
198
197
192
270
272
524
129
424
290
291
198
197
192
270
272
524
129
424
290
291
198
197
192
270
272
524
129
424
290
291
198
197
192
270
272
524
129
424
290
291
198
197
192
270
272
524
