198
298
296
295
195
196
191
192
271
278
198
298
296
295
195
196
191
192
271
278
198
298
296
295
195
196
191
192
271
278
198
298
296
295
195
196
191
192
271
278
198
298
296
295
195
196
191
192
271
278
198
298
296
295
195
196
191
192
271
278
198
298
296
295
195
196
191
192
271
278
198
298
296
295
195
196
191
192
271
278
198
298
296
295
195
196
191
192
271
278
198
298
296
295
195
196
191
192
271
278
198
298
296
295
195
196
191
192
271
278
198
298
296
295
195
196
191
192
271
278
198
298
296
295
195
196
191
192
271
278
198
298
296
295
195
196
191
192
271
278
198
298
296
295
195
196
191
192
271
278
198
298
296
295
195
196
191
192
271
278
198
298
296
295
195
196
191
192
271
278
198
298
296
295
195
196
191
192
271
278
198
298
296
295
195
196
191
192
271
278
198
298
296
295
195
196
191
192
271
278
198
298
296
295
195
196
191
192
271
278
198
298
296
295
195
196
191
192
271
278
198
298
296
295
195
196
191
192
271
278
198
298
296
295
195
196
191
192
271
278
198
298
296
295
195
196
191
192
271
278
198
298
296
295
195
196
191
192
271
278
198
298
296
295
195
196
191
192
271
278
198
298
296
295
195
196
191
192
271
278
198
298
296
295
195
196
191
192
271
278
198
298
296
295
195
196
191
192
271
278
198
298
296
295
195
196
191
192
271
278
198
298
296
295
195
196
191
192
271
278
198
298
296
295
195
196
191
192
271
278
198
298
296
295
195
196
191
192
271
278
198
298
296
295
195
196
191
192
271
278
198
298
296
295
195
196
191
192
271
278
198
298
296
295
195
196
191
192
271
278
198
298
296
295
195
196
191
192
271
278
198
298
296
295
195
196
191
192
271
278
198
298
296
295
195
196
191
192
271
278
198
298
296
295
195
196
191
192
271
278
198
298
296
295
195
196
191
192
271
278
198
298
296
295
195
196
191
192
271
278
198
298
296
295
195
196
191
192
271
278
198
298
296
295
195
196
191
192
271
278
198
298
296
295
195
196
191
192
271
278
198
298
296
295
195
196
191
192
271
278
198
298
296
295
195
196
191
192
271
278
198
298
296
295
195
196
191
192
271
278
198
298
296
295
195
196
191
192
271
278
