129
422
290
291
597
596
598
191
190
272
129
422
290
291
597
596
598
191
190
272
129
422
290
291
597
596
598
191
190
272
129
422
290
291
597
596
598
191
190
272
129
422
290
291
597
596
598
191
190
272
129
422
290
291
597
596
598
191
190
272
129
422
290
291
597
596
598
191
190
272
129
422
290
291
597
596
598
191
190
272
129
422
290
291
597
596
598
191
190
272
129
422
290
291
597
596
598
191
190
272
129
422
290
291
597
596
598
191
190
272
129
422
290
291
597
596
598
191
190
272
129
422
290
291
597
596
598
191
190
272
129
422
290
291
597
596
598
191
190
272
129
422
290
291
597
596
598
191
190
272
129
422
290
291
597
596
598
191
190
272
129
422
290
291
597
596
598
191
190
272
129
422
290
291
597
596
598
191
190
272
129
422
290
291
597
596
598
191
190
272
129
422
290
291
597
596
598
191
190
272
129
422
290
291
597
596
598
191
190
272
129
422
290
291
597
596
598
191
190
272
129
422
290
291
597
596
598
191
190
272
129
422
290
291
597
596
598
191
190
272
129
422
290
291
597
596
598
191
190
272
129
422
290
291
597
596
598
191
190
272
129
422
290
291
597
596
598
191
190
272
129
422
290
291
597
596
598
191
190
272
129
422
290
291
597
596
598
191
190
272
129
422
290
291
597
596
598
191
190
272
129
422
290
291
597
596
598
191
190
272
129
422
290
291
597
596
598
191
190
272
129
422
290
291
597
596
598
191
190
272
129
422
290
291
597
596
598
191
190
272
129
422
290
291
597
596
598
191
190
272
129
422
290
291
597
596
598
191
190
272
129
422
290
291
597
596
598
191
190
272
129
422
290
291
597
596
598
191
190
272
129
422
290
291
597
596
598
191
190
272
129
422
290
291
597
596
598
191
190
272
129
422
290
291
597
596
598
191
190
272
129
422
290
291
597
596
598
191
190
272
129
422
290
291
597
596
598
191
190
272
129
422
290
291
597
596
598
191
190
272
129
422
290
291
597
596
598
191
190
272
129
422
290
291
597
596
598
191
190
272
129
422
290
291
597
596
598
191
190
272
129
422
290
291
597
596
598
191
190
272
129
422
290
291
597
596
598
191
190
272
129
422
290
291
597
596
598
191
190
272
