340
341
1195
646
179
176
173
765
258
259
168
166
167
160
161
162
163
809
808
801
340
341
1195
646
179
176
173
765
258
259
168
166
167
160
161
162
163
809
808
801
340
341
1195
646
179
176
173
765
258
259
168
166
167
160
161
162
163
809
808
801
340
341
1195
646
179
176
173
765
258
259
168
166
167
160
161
162
163
809
808
801
340
341
1195
646
179
176
173
765
258
259
168
166
167
160
161
162
163
809
808
801
340
341
1195
646
179
176
173
765
258
259
168
166
167
160
161
162
163
809
808
801
340
341
1195
646
179
176
173
765
258
259
168
166
167
160
161
162
163
809
808
801
340
341
1195
646
179
176
173
765
258
259
168
166
167
160
161
162
163
809
808
801
340
341
1195
646
179
176
173
765
258
259
168
166
167
160
161
162
163
809
808
801
340
341
1195
646
179
176
173
765
258
259
168
166
167
160
161
162
163
809
808
801
340
341
1195
646
179
176
173
765
258
259
168
166
167
160
161
162
163
809
808
801
340
341
1195
646
179
176
173
765
258
259
168
166
167
160
161
162
163
809
808
801
340
341
1195
646
179
176
173
765
258
259
168
166
167
160
161
162
163
809
808
801
340
341
1195
646
179
176
173
765
258
259
168
166
167
160
161
162
163
809
808
801
340
341
1195
646
179
176
173
765
258
259
168
166
167
160
161
162
163
809
808
801
340
341
1195
646
179
176
173
765
258
259
168
166
167
160
161
162
163
809
808
801
340
341
1195
646
179
176
173
765
258
259
168
166
167
160
161
162
163
809
808
801
340
341
1195
646
179
176
173
765
258
259
168
166
167
160
161
162
163
809
808
801
340
341
1195
646
179
176
173
765
258
259
168
166
167
160
161
162
163
809
808
801
340
341
1195
646
179
176
173
765
258
259
168
166
167
160
161
162
163
809
808
801
340
341
1195
646
179
176
173
765
258
259
168
166
167
160
161
162
163
809
808
801
340
341
1195
646
179
176
173
765
258
259
168
166
167
160
161
162
163
809
808
801
340
341
1195
646
179
176
173
765
258
259
168
166
167
160
161
162
163
809
808
801
340
341
1195
646
179
176
173
765
258
259
168
166
167
160
161
162
163
809
808
801
340
341
1195
646
179
176
173
765
258
259
168
166
167
160
161
162
163
809
808
801
340
341
1195
646
179
176
173
765
258
259
168
166
167
160
161
162
163
809
808
801
340
341
1195
646
179
176
173
765
258
259
168
166
167
160
161
162
163
809
808
801
340
341
1195
646
179
176
173
765
258
259
168
166
167
160
161
162
163
809
808
801
340
341
1195
646
179
176
173
765
258
259
168
166
167
160
161
162
163
809
808
801
340
341
1195
646
179
176
173
765
258
259
168
166
167
160
161
162
163
809
808
801
340
341
1195
646
179
176
173
765
258
259
168
166
167
160
161
162
163
809
808
801
340
341
1195
646
179
176
173
765
258
259
168
166
167
160
161
162
163
809
808
801
340
341
1195
646
179
176
173
765
258
259
168
166
167
160
161
162
163
809
808
801
340
341
1195
646
179
176
173
765
258
259
168
166
167
160
161
162
163
809
808
801
340
341
1195
646
179
176
173
765
258
259
168
166
167
160
161
162
163
809
808
801
340
341
1195
646
179
176
173
765
258
259
168
166
167
160
161
162
163
809
808
801
340
341
1195
646
179
176
173
765
258
259
168
166
167
160
161
162
163
809
808
801
340
341
1195
646
179
176
173
765
258
259
168
166
167
160
161
162
163
809
808
801
340
341
1195
646
179
176
173
765
258
259
168
166
167
160
161
162
163
809
808
801
340
341
1195
646
179
176
173
765
258
259
168
166
167
160
161
162
163
809
808
801
340
341
1195
646
179
176
173
765
258
259
168
166
167
160
161
162
163
809
808
801
340
341
1195
646
179
176
173
765
258
259
168
166
167
160
161
162
163
809
808
801
340
341
1195
646
179
176
173
765
258
259
168
166
167
160
161
162
163
809
808
801
340
341
1195
646
179
176
173
765
258
259
168
166
167
160
161
162
163
809
808
801
340
341
1195
646
179
176
173
765
258
259
168
166
167
160
161
162
163
809
808
801
340
341
1195
646
179
176
173
765
258
259
168
166
167
160
161
162
163
809
808
801
340
341
1195
646
179
176
173
765
258
259
168
166
167
160
161
162
163
809
808
801
340
341
1195
646
179
176
173
765
258
259
168
166
167
160
161
162
163
809
808
801
340
341
1195
646
179
176
173
765
258
259
168
166
167
160
161
162
163
809
808
801
340
341
1195
646
179
176
173
765
258
259
168
166
167
160
161
162
163
809
808
801
