2315
109
2047
1173
877
682
1240
1243
1245
370
399
1247
1246
245
246
2693
2875
2879
360
361
2315
109
2047
1173
877
682
1240
1243
1245
370
399
1247
1246
245
246
2693
2875
2879
360
361
2315
109
2047
1173
877
682
1240
1243
1245
370
399
1247
1246
245
246
2693
2875
2879
360
361
2315
109
2047
1173
877
682
1240
1243
1245
370
399
1247
1246
245
246
2693
2875
2879
360
361
2315
109
2047
1173
877
682
1240
1243
1245
370
399
1247
1246
245
246
2693
2875
2879
360
361
2315
109
2047
1173
877
682
1240
1243
1245
370
399
1247
1246
245
246
2693
2875
2879
360
361
2315
109
2047
1173
877
682
1240
1243
1245
370
399
1247
1246
245
246
2693
2875
2879
360
361
2315
109
2047
1173
877
682
1240
1243
1245
370
399
1247
1246
245
246
2693
2875
2879
360
361
2315
109
2047
1173
877
682
1240
1243
1245
370
399
1247
1246
245
246
2693
2875
2879
360
361
2315
109
2047
1173
877
682
1240
1243
1245
370
399
1247
1246
245
246
2693
2875
2879
360
361
2315
109
2047
1173
877
682
1240
1243
1245
370
399
1247
1246
245
246
2693
2875
2879
360
361
2315
109
2047
1173
877
682
1240
1243
1245
370
399
1247
1246
245
246
2693
2875
2879
360
361
2315
109
2047
1173
877
682
1240
1243
1245
370
399
1247
1246
245
246
2693
2875
2879
360
361
2315
109
2047
1173
877
682
1240
1243
1245
370
399
1247
1246
245
246
2693
2875
2879
360
361
2315
109
2047
1173
877
682
1240
1243
1245
370
399
1247
1246
245
246
2693
2875
2879
360
361
2315
109
2047
1173
877
682
1240
1243
1245
370
399
1247
1246
245
246
2693
2875
2879
360
361
2315
109
2047
1173
877
682
1240
1243
1245
370
399
1247
1246
245
246
2693
2875
2879
360
361
2315
109
2047
1173
877
682
1240
1243
1245
370
399
1247
1246
245
246
2693
2875
2879
360
361
2315
109
2047
1173
877
682
1240
1243
1245
370
399
1247
1246
245
246
2693
2875
2879
360
361
2315
109
2047
1173
877
682
1240
1243
1245
370
399
1247
1246
245
246
2693
2875
2879
360
361
2315
109
2047
1173
877
682
1240
1243
1245
370
399
1247
1246
245
246
2693
2875
2879
360
361
2315
109
2047
1173
877
682
1240
1243
1245
370
399
1247
1246
245
246
2693
2875
2879
360
361
2315
109
2047
1173
877
682
1240
1243
1245
370
399
1247
1246
245
246
2693
2875
2879
360
361
2315
109
2047
1173
877
682
1240
1243
1245
370
399
1247
1246
245
246
2693
2875
2879
360
361
2315
109
2047
1173
877
682
1240
1243
1245
370
399
1247
1246
245
246
2693
2875
2879
360
361
2315
109
2047
1173
877
682
1240
1243
1245
370
399
1247
1246
245
246
2693
2875
2879
360
361
2315
109
2047
1173
877
682
1240
1243
1245
370
399
1247
1246
245
246
2693
2875
2879
360
361
2315
109
2047
1173
877
682
1240
1243
1245
370
399
1247
1246
245
246
2693
2875
2879
360
361
2315
109
2047
1173
877
682
1240
1243
1245
370
399
1247
1246
245
246
2693
2875
2879
360
361
2315
109
2047
1173
877
682
1240
1243
1245
370
399
1247
1246
245
246
2693
2875
2879
360
361
2315
109
2047
1173
877
682
1240
1243
1245
370
399
1247
1246
245
246
2693
2875
2879
360
361
2315
109
2047
1173
877
682
1240
1243
1245
370
399
1247
1246
245
246
2693
2875
2879
360
361
2315
109
2047
1173
877
682
1240
1243
1245
370
399
1247
1246
245
246
2693
2875
2879
360
361
2315
109
2047
1173
877
682
1240
1243
1245
370
399
1247
1246
245
246
2693
2875
2879
360
361
2315
109
2047
1173
877
682
1240
1243
1245
370
399
1247
1246
245
246
2693
2875
2879
360
361
2315
109
2047
1173
877
682
1240
1243
1245
370
399
1247
1246
245
246
2693
2875
2879
360
361
2315
109
2047
1173
877
682
1240
1243
1245
370
399
1247
1246
245
246
2693
2875
2879
360
361
2315
109
2047
1173
877
682
1240
1243
1245
370
399
1247
1246
245
246
2693
2875
2879
360
361
2315
109
2047
1173
877
682
1240
1243
1245
370
399
1247
1246
245
246
2693
2875
2879
360
361
2315
109
2047
1173
877
682
1240
1243
1245
370
399
1247
1246
245
246
2693
2875
2879
360
361
2315
109
2047
1173
877
682
1240
1243
1245
370
399
1247
1246
245
246
2693
2875
2879
360
361
2315
109
2047
1173
877
682
1240
1243
1245
370
399
1247
1246
245
246
2693
2875
2879
360
361
2315
109
2047
1173
877
682
1240
1243
1245
370
399
1247
1246
245
246
2693
2875
2879
360
361
2315
109
2047
1173
877
682
1240
1243
1245
370
399
1247
1246
245
246
2693
2875
2879
360
361
2315
109
2047
1173
877
682
1240
1243
1245
370
399
1247
1246
245
246
2693
2875
2879
360
361
2315
109
2047
1173
877
682
1240
1243
1245
370
399
1247
1246
245
246
2693
2875
2879
360
361
2315
109
2047
1173
877
682
1240
1243
1245
370
399
1247
1246
245
246
2693
2875
2879
360
361
2315
109
2047
1173
877
682
1240
1243
1245
370
399
1247
1246
245
246
2693
2875
2879
360
361
2315
109
2047
1173
877
682
1240
1243
1245
370
399
1247
1246
245
246
2693
2875
2879
360
361
2315
109
2047
1173
877
682
1240
1243
1245
370
399
1247
1246
245
246
2693
2875
2879
360
361
