642
106
105
91
93
92
95
94
97
510
1005
689
1225
1243
457
379
373
372
376
393
642
106
105
91
93
92
95
94
97
510
1005
689
1225
1243
457
379
373
372
376
393
642
106
105
91
93
92
95
94
97
510
1005
689
1225
1243
457
379
373
372
376
393
642
106
105
91
93
92
95
94
97
510
1005
689
1225
1243
457
379
373
372
376
393
642
106
105
91
93
92
95
94
97
510
1005
689
1225
1243
457
379
373
372
376
393
642
106
105
91
93
92
95
94
97
510
1005
689
1225
1243
457
379
373
372
376
393
642
106
105
91
93
92
95
94
97
510
1005
689
1225
1243
457
379
373
372
376
393
642
106
105
91
93
92
95
94
97
510
1005
689
1225
1243
457
379
373
372
376
393
642
106
105
91
93
92
95
94
97
510
1005
689
1225
1243
457
379
373
372
376
393
642
106
105
91
93
92
95
94
97
510
1005
689
1225
1243
457
379
373
372
376
393
642
106
105
91
93
92
95
94
97
510
1005
689
1225
1243
457
379
373
372
376
393
642
106
105
91
93
92
95
94
97
510
1005
689
1225
1243
457
379
373
372
376
393
642
106
105
91
93
92
95
94
97
510
1005
689
1225
1243
457
379
373
372
376
393
642
106
105
91
93
92
95
94
97
510
1005
689
1225
1243
457
379
373
372
376
393
642
106
105
91
93
92
95
94
97
510
1005
689
1225
1243
457
379
373
372
376
393
642
106
105
91
93
92
95
94
97
510
1005
689
1225
1243
457
379
373
372
376
393
642
106
105
91
93
92
95
94
97
510
1005
689
1225
1243
457
379
373
372
376
393
642
106
105
91
93
92
95
94
97
510
1005
689
1225
1243
457
379
373
372
376
393
642
106
105
91
93
92
95
94
97
510
1005
689
1225
1243
457
379
373
372
376
393
642
106
105
91
93
92
95
94
97
510
1005
689
1225
1243
457
379
373
372
376
393
642
106
105
91
93
92
95
94
97
510
1005
689
1225
1243
457
379
373
372
376
393
642
106
105
91
93
92
95
94
97
510
1005
689
1225
1243
457
379
373
372
376
393
642
106
105
91
93
92
95
94
97
510
1005
689
1225
1243
457
379
373
372
376
393
642
106
105
91
93
92
95
94
97
510
1005
689
1225
1243
457
379
373
372
376
393
642
106
105
91
93
92
95
94
97
510
1005
689
1225
1243
457
379
373
372
376
393
642
106
105
91
93
92
95
94
97
510
1005
689
1225
1243
457
379
373
372
376
393
642
106
105
91
93
92
95
94
97
510
1005
689
1225
1243
457
379
373
372
376
393
642
106
105
91
93
92
95
94
97
510
1005
689
1225
1243
457
379
373
372
376
393
642
106
105
91
93
92
95
94
97
510
1005
689
1225
1243
457
379
373
372
376
393
642
106
105
91
93
92
95
94
97
510
1005
689
1225
1243
457
379
373
372
376
393
642
106
105
91
93
92
95
94
97
510
1005
689
1225
1243
457
379
373
372
376
393
642
106
105
91
93
92
95
94
97
510
1005
689
1225
1243
457
379
373
372
376
393
642
106
105
91
93
92
95
94
97
510
1005
689
1225
1243
457
379
373
372
376
393
642
106
105
91
93
92
95
94
97
510
1005
689
1225
1243
457
379
373
372
376
393
642
106
105
91
93
92
95
94
97
510
1005
689
1225
1243
457
379
373
372
376
393
642
106
105
91
93
92
95
94
97
510
1005
689
1225
1243
457
379
373
372
376
393
642
106
105
91
93
92
95
94
97
510
1005
689
1225
1243
457
379
373
372
376
393
642
106
105
91
93
92
95
94
97
510
1005
689
1225
1243
457
379
373
372
376
393
642
106
105
91
93
92
95
94
97
510
1005
689
1225
1243
457
379
373
372
376
393
642
106
105
91
93
92
95
94
97
510
1005
689
1225
1243
457
379
373
372
376
393
642
106
105
91
93
92
95
94
97
510
1005
689
1225
1243
457
379
373
372
376
393
642
106
105
91
93
92
95
94
97
510
1005
689
1225
1243
457
379
373
372
376
393
642
106
105
91
93
92
95
94
97
510
1005
689
1225
1243
457
379
373
372
376
393
642
106
105
91
93
92
95
94
97
510
1005
689
1225
1243
457
379
373
372
376
393
642
106
105
91
93
92
95
94
97
510
1005
689
1225
1243
457
379
373
372
376
393
642
106
105
91
93
92
95
94
97
510
1005
689
1225
1243
457
379
373
372
376
393
642
106
105
91
93
92
95
94
97
510
1005
689
1225
1243
457
379
373
372
376
393
642
106
105
91
93
92
95
94
97
510
1005
689
1225
1243
457
379
373
372
376
393
642
106
105
91
93
92
95
94
97
510
1005
689
1225
1243
457
379
373
372
376
393
642
106
105
91
93
92
95
94
97
510
1005
689
1225
1243
457
379
373
372
376
393
