344
345
346
340
341
342
343
348
296
297
294
295
108
107
513
1281
379
378
375
374
344
345
346
340
341
342
343
348
296
297
294
295
108
107
513
1281
379
378
375
374
344
345
346
340
341
342
343
348
296
297
294
295
108
107
513
1281
379
378
375
374
344
345
346
340
341
342
343
348
296
297
294
295
108
107
513
1281
379
378
375
374
344
345
346
340
341
342
343
348
296
297
294
295
108
107
513
1281
379
378
375
374
344
345
346
340
341
342
343
348
296
297
294
295
108
107
513
1281
379
378
375
374
344
345
346
340
341
342
343
348
296
297
294
295
108
107
513
1281
379
378
375
374
344
345
346
340
341
342
343
348
296
297
294
295
108
107
513
1281
379
378
375
374
344
345
346
340
341
342
343
348
296
297
294
295
108
107
513
1281
379
378
375
374
344
345
346
340
341
342
343
348
296
297
294
295
108
107
513
1281
379
378
375
374
344
345
346
340
341
342
343
348
296
297
294
295
108
107
513
1281
379
378
375
374
344
345
346
340
341
342
343
348
296
297
294
295
108
107
513
1281
379
378
375
374
344
345
346
340
341
342
343
348
296
297
294
295
108
107
513
1281
379
378
375
374
344
345
346
340
341
342
343
348
296
297
294
295
108
107
513
1281
379
378
375
374
344
345
346
340
341
342
343
348
296
297
294
295
108
107
513
1281
379
378
375
374
344
345
346
340
341
342
343
348
296
297
294
295
108
107
513
1281
379
378
375
374
344
345
346
340
341
342
343
348
296
297
294
295
108
107
513
1281
379
378
375
374
344
345
346
340
341
342
343
348
296
297
294
295
108
107
513
1281
379
378
375
374
344
345
346
340
341
342
343
348
296
297
294
295
108
107
513
1281
379
378
375
374
344
345
346
340
341
342
343
348
296
297
294
295
108
107
513
1281
379
378
375
374
344
345
346
340
341
342
343
348
296
297
294
295
108
107
513
1281
379
378
375
374
344
345
346
340
341
342
343
348
296
297
294
295
108
107
513
1281
379
378
375
374
344
345
346
340
341
342
343
348
296
297
294
295
108
107
513
1281
379
378
375
374
344
345
346
340
341
342
343
348
296
297
294
295
108
107
513
1281
379
378
375
374
344
345
346
340
341
342
343
348
296
297
294
295
108
107
513
1281
379
378
375
374
344
345
346
340
341
342
343
348
296
297
294
295
108
107
513
1281
379
378
375
374
344
345
346
340
341
342
343
348
296
297
294
295
108
107
513
1281
379
378
375
374
344
345
346
340
341
342
343
348
296
297
294
295
108
107
513
1281
379
378
375
374
344
345
346
340
341
342
343
348
296
297
294
295
108
107
513
1281
379
378
375
374
344
345
346
340
341
342
343
348
296
297
294
295
108
107
513
1281
379
378
375
374
344
345
346
340
341
342
343
348
296
297
294
295
108
107
513
1281
379
378
375
374
344
345
346
340
341
342
343
348
296
297
294
295
108
107
513
1281
379
378
375
374
344
345
346
340
341
342
343
348
296
297
294
295
108
107
513
1281
379
378
375
374
344
345
346
340
341
342
343
348
296
297
294
295
108
107
513
1281
379
378
375
374
344
345
346
340
341
342
343
348
296
297
294
295
108
107
513
1281
379
378
375
374
344
345
346
340
341
342
343
348
296
297
294
295
108
107
513
1281
379
378
375
374
344
345
346
340
341
342
343
348
296
297
294
295
108
107
513
1281
379
378
375
374
344
345
346
340
341
342
343
348
296
297
294
295
108
107
513
1281
379
378
375
374
344
345
346
340
341
342
343
348
296
297
294
295
108
107
513
1281
379
378
375
374
344
345
346
340
341
342
343
348
296
297
294
295
108
107
513
1281
379
378
375
374
344
345
346
340
341
342
343
348
296
297
294
295
108
107
513
1281
379
378
375
374
344
345
346
340
341
342
343
348
296
297
294
295
108
107
513
1281
379
378
375
374
344
345
346
340
341
342
343
348
296
297
294
295
108
107
513
1281
379
378
375
374
344
345
346
340
341
342
343
348
296
297
294
295
108
107
513
1281
379
378
375
374
344
345
346
340
341
342
343
348
296
297
294
295
108
107
513
1281
379
378
375
374
344
345
346
340
341
342
343
348
296
297
294
295
108
107
513
1281
379
378
375
374
344
345
346
340
341
342
343
348
296
297
294
295
108
107
513
1281
379
378
375
374
344
345
346
340
341
342
343
348
296
297
294
295
108
107
513
1281
379
378
375
374
344
345
346
340
341
342
343
348
296
297
294
295
108
107
513
1281
379
378
375
374
344
345
346
340
341
342
343
348
296
297
294
295
108
107
513
1281
379
378
375
374
