296
294
292
290
279
102
103
106
107
104
105
684
683
682
402
396
398
241
240
242
296
294
292
290
279
102
103
106
107
104
105
684
683
682
402
396
398
241
240
242
296
294
292
290
279
102
103
106
107
104
105
684
683
682
402
396
398
241
240
242
296
294
292
290
279
102
103
106
107
104
105
684
683
682
402
396
398
241
240
242
296
294
292
290
279
102
103
106
107
104
105
684
683
682
402
396
398
241
240
242
296
294
292
290
279
102
103
106
107
104
105
684
683
682
402
396
398
241
240
242
296
294
292
290
279
102
103
106
107
104
105
684
683
682
402
396
398
241
240
242
296
294
292
290
279
102
103
106
107
104
105
684
683
682
402
396
398
241
240
242
296
294
292
290
279
102
103
106
107
104
105
684
683
682
402
396
398
241
240
242
296
294
292
290
279
102
103
106
107
104
105
684
683
682
402
396
398
241
240
242
296
294
292
290
279
102
103
106
107
104
105
684
683
682
402
396
398
241
240
242
296
294
292
290
279
102
103
106
107
104
105
684
683
682
402
396
398
241
240
242
296
294
292
290
279
102
103
106
107
104
105
684
683
682
402
396
398
241
240
242
296
294
292
290
279
102
103
106
107
104
105
684
683
682
402
396
398
241
240
242
296
294
292
290
279
102
103
106
107
104
105
684
683
682
402
396
398
241
240
242
296
294
292
290
279
102
103
106
107
104
105
684
683
682
402
396
398
241
240
242
296
294
292
290
279
102
103
106
107
104
105
684
683
682
402
396
398
241
240
242
296
294
292
290
279
102
103
106
107
104
105
684
683
682
402
396
398
241
240
242
296
294
292
290
279
102
103
106
107
104
105
684
683
682
402
396
398
241
240
242
296
294
292
290
279
102
103
106
107
104
105
684
683
682
402
396
398
241
240
242
296
294
292
290
279
102
103
106
107
104
105
684
683
682
402
396
398
241
240
242
296
294
292
290
279
102
103
106
107
104
105
684
683
682
402
396
398
241
240
242
296
294
292
290
279
102
103
106
107
104
105
684
683
682
402
396
398
241
240
242
296
294
292
290
279
102
103
106
107
104
105
684
683
682
402
396
398
241
240
242
296
294
292
290
279
102
103
106
107
104
105
684
683
682
402
396
398
241
240
242
296
294
292
290
279
102
103
106
107
104
105
684
683
682
402
396
398
241
240
242
296
294
292
290
279
102
103
106
107
104
105
684
683
682
402
396
398
241
240
242
296
294
292
290
279
102
103
106
107
104
105
684
683
682
402
396
398
241
240
242
296
294
292
290
279
102
103
106
107
104
105
684
683
682
402
396
398
241
240
242
296
294
292
290
279
102
103
106
107
104
105
684
683
682
402
396
398
241
240
242
296
294
292
290
279
102
103
106
107
104
105
684
683
682
402
396
398
241
240
242
296
294
292
290
279
102
103
106
107
104
105
684
683
682
402
396
398
241
240
242
296
294
292
290
279
102
103
106
107
104
105
684
683
682
402
396
398
241
240
242
296
294
292
290
279
102
103
106
107
104
105
684
683
682
402
396
398
241
240
242
296
294
292
290
279
102
103
106
107
104
105
684
683
682
402
396
398
241
240
242
296
294
292
290
279
102
103
106
107
104
105
684
683
682
402
396
398
241
240
242
296
294
292
290
279
102
103
106
107
104
105
684
683
682
402
396
398
241
240
242
296
294
292
290
279
102
103
106
107
104
105
684
683
682
402
396
398
241
240
242
296
294
292
290
279
102
103
106
107
104
105
684
683
682
402
396
398
241
240
242
296
294
292
290
279
102
103
106
107
104
105
684
683
682
402
396
398
241
240
242
296
294
292
290
279
102
103
106
107
104
105
684
683
682
402
396
398
241
240
242
296
294
292
290
279
102
103
106
107
104
105
684
683
682
402
396
398
241
240
242
296
294
292
290
279
102
103
106
107
104
105
684
683
682
402
396
398
241
240
242
296
294
292
290
279
102
103
106
107
104
105
684
683
682
402
396
398
241
240
242
296
294
292
290
279
102
103
106
107
104
105
684
683
682
402
396
398
241
240
242
296
294
292
290
279
102
103
106
107
104
105
684
683
682
402
396
398
241
240
242
296
294
292
290
279
102
103
106
107
104
105
684
683
682
402
396
398
241
240
242
296
294
292
290
279
102
103
106
107
104
105
684
683
682
402
396
398
241
240
242
296
294
292
290
279
102
103
106
107
104
105
684
683
682
402
396
398
241
240
242
296
294
292
290
279
102
103
106
107
104
105
684
683
682
402
396
398
241
240
242
