344
345
346
341
342
348
299
296
297
294
295
293
291
272
275
277
2263
2261
108
100
104
122
94
1990
1992
344
345
346
341
342
348
299
296
297
294
295
293
291
272
275
277
2263
2261
108
100
104
122
94
1990
1992
344
345
346
341
342
348
299
296
297
294
295
293
291
272
275
277
2263
2261
108
100
104
122
94
1990
1992
344
345
346
341
342
348
299
296
297
294
295
293
291
272
275
277
2263
2261
108
100
104
122
94
1990
1992
344
345
346
341
342
348
299
296
297
294
295
293
291
272
275
277
2263
2261
108
100
104
122
94
1990
1992
344
345
346
341
342
348
299
296
297
294
295
293
291
272
275
277
2263
2261
108
100
104
122
94
1990
1992
344
345
346
341
342
348
299
296
297
294
295
293
291
272
275
277
2263
2261
108
100
104
122
94
1990
1992
344
345
346
341
342
348
299
296
297
294
295
293
291
272
275
277
2263
2261
108
100
104
122
94
1990
1992
344
345
346
341
342
348
299
296
297
294
295
293
291
272
275
277
2263
2261
108
100
104
122
94
1990
1992
344
345
346
341
342
348
299
296
297
294
295
293
291
272
275
277
2263
2261
108
100
104
122
94
1990
1992
344
345
346
341
342
348
299
296
297
294
295
293
291
272
275
277
2263
2261
108
100
104
122
94
1990
1992
344
345
346
341
342
348
299
296
297
294
295
293
291
272
275
277
2263
2261
108
100
104
122
94
1990
1992
344
345
346
341
342
348
299
296
297
294
295
293
291
272
275
277
2263
2261
108
100
104
122
94
1990
1992
344
345
346
341
342
348
299
296
297
294
295
293
291
272
275
277
2263
2261
108
100
104
122
94
1990
1992
344
345
346
341
342
348
299
296
297
294
295
293
291
272
275
277
2263
2261
108
100
104
122
94
1990
1992
344
345
346
341
342
348
299
296
297
294
295
293
291
272
275
277
2263
2261
108
100
104
122
94
1990
1992
344
345
346
341
342
348
299
296
297
294
295
293
291
272
275
277
2263
2261
108
100
104
122
94
1990
1992
344
345
346
341
342
348
299
296
297
294
295
293
291
272
275
277
2263
2261
108
100
104
122
94
1990
1992
344
345
346
341
342
348
299
296
297
294
295
293
291
272
275
277
2263
2261
108
100
104
122
94
1990
1992
344
345
346
341
342
348
299
296
297
294
295
293
291
272
275
277
2263
2261
108
100
104
122
94
1990
1992
344
345
346
341
342
348
299
296
297
294
295
293
291
272
275
277
2263
2261
108
100
104
122
94
1990
1992
344
345
346
341
342
348
299
296
297
294
295
293
291
272
275
277
2263
2261
108
100
104
122
94
1990
1992
344
345
346
341
342
348
299
296
297
294
295
293
291
272
275
277
2263
2261
108
100
104
122
94
1990
1992
344
345
346
341
342
348
299
296
297
294
295
293
291
272
275
277
2263
2261
108
100
104
122
94
1990
1992
344
345
346
341
342
348
299
296
297
294
295
293
291
272
275
277
2263
2261
108
100
104
122
94
1990
1992
344
345
346
341
342
348
299
296
297
294
295
293
291
272
275
277
2263
2261
108
100
104
122
94
1990
1992
344
345
346
341
342
348
299
296
297
294
295
293
291
272
275
277
2263
2261
108
100
104
122
94
1990
1992
344
345
346
341
342
348
299
296
297
294
295
293
291
272
275
277
2263
2261
108
100
104
122
94
1990
1992
344
345
346
341
342
348
299
296
297
294
295
293
291
272
275
277
2263
2261
108
100
104
122
94
1990
1992
344
345
346
341
342
348
299
296
297
294
295
293
291
272
275
277
2263
2261
108
100
104
122
94
1990
1992
344
345
346
341
342
348
299
296
297
294
295
293
291
272
275
277
2263
2261
108
100
104
122
94
1990
1992
344
345
346
341
342
348
299
296
297
294
295
293
291
272
275
277
2263
2261
108
100
104
122
94
1990
1992
344
345
346
341
342
348
299
296
297
294
295
293
291
272
275
277
2263
2261
108
100
104
122
94
1990
1992
344
345
346
341
342
348
299
296
297
294
295
293
291
272
275
277
2263
2261
108
100
104
122
94
1990
1992
344
345
346
341
342
348
299
296
297
294
295
293
291
272
275
277
2263
2261
108
100
104
122
94
1990
1992
344
345
346
341
342
348
299
296
297
294
295
293
291
272
275
277
2263
2261
108
100
104
122
94
1990
1992
344
345
346
341
342
348
299
296
297
294
295
293
291
272
275
277
2263
2261
108
100
104
122
94
1990
1992
344
345
346
341
342
348
299
296
297
294
295
293
291
272
275
277
2263
2261
108
100
104
122
94
1990
1992
344
345
346
341
342
348
299
296
297
294
295
293
291
272
275
277
2263
2261
108
100
104
122
94
1990
1992
344
345
346
341
342
348
299
296
297
294
295
293
291
272
275
277
2263
2261
108
100
104
122
94
1990
1992
344
345
346
341
342
348
299
296
297
294
295
293
291
272
275
277
2263
2261
108
100
104
122
94
1990
1992
344
345
346
341
342
348
299
296
297
294
295
293
291
272
275
277
2263
2261
108
100
104
122
94
1990
1992
344
345
346
341
342
348
299
296
297
294
295
293
291
272
275
277
2263
2261
108
100
104
122
94
1990
1992
344
345
346
341
342
348
299
296
297
294
295
293
291
272
275
277
2263
2261
108
100
104
122
94
1990
1992
344
345
346
341
342
348
299
296
297
294
295
293
291
272
275
277
2263
2261
108
100
104
122
94
1990
1992
344
345
346
341
342
348
299
296
297
294
295
293
291
272
275
277
2263
2261
108
100
104
122
94
1990
1992
344
345
346
341
342
348
299
296
297
294
295
293
291
272
275
277
2263
2261
108
100
104
122
94
1990
1992
344
345
346
341
342
348
299
296
297
294
295
293
291
272
275
277
2263
2261
108
100
104
122
94
1990
1992
344
345
346
341
342
348
299
296
297
294
295
293
291
272
275
277
2263
2261
108
100
104
122
94
1990
1992
344
345
346
341
342
348
299
296
297
294
295
293
291
272
275
277
2263
2261
108
100
104
122
94
1990
1992
