457
271
1373
556
550
1171
510
513
515
685
684
1576
819
620
627
1221
407
1370
405
1375
1374
1376
452
408
453
457
271
1373
556
550
1171
510
513
515
685
684
1576
819
620
627
1221
407
1370
405
1375
1374
1376
452
408
453
457
271
1373
556
550
1171
510
513
515
685
684
1576
819
620
627
1221
407
1370
405
1375
1374
1376
452
408
453
457
271
1373
556
550
1171
510
513
515
685
684
1576
819
620
627
1221
407
1370
405
1375
1374
1376
452
408
453
457
271
1373
556
550
1171
510
513
515
685
684
1576
819
620
627
1221
407
1370
405
1375
1374
1376
452
408
453
457
271
1373
556
550
1171
510
513
515
685
684
1576
819
620
627
1221
407
1370
405
1375
1374
1376
452
408
453
457
271
1373
556
550
1171
510
513
515
685
684
1576
819
620
627
1221
407
1370
405
1375
1374
1376
452
408
453
457
271
1373
556
550
1171
510
513
515
685
684
1576
819
620
627
1221
407
1370
405
1375
1374
1376
452
408
453
457
271
1373
556
550
1171
510
513
515
685
684
1576
819
620
627
1221
407
1370
405
1375
1374
1376
452
408
453
457
271
1373
556
550
1171
510
513
515
685
684
1576
819
620
627
1221
407
1370
405
1375
1374
1376
452
408
453
457
271
1373
556
550
1171
510
513
515
685
684
1576
819
620
627
1221
407
1370
405
1375
1374
1376
452
408
453
457
271
1373
556
550
1171
510
513
515
685
684
1576
819
620
627
1221
407
1370
405
1375
1374
1376
452
408
453
457
271
1373
556
550
1171
510
513
515
685
684
1576
819
620
627
1221
407
1370
405
1375
1374
1376
452
408
453
457
271
1373
556
550
1171
510
513
515
685
684
1576
819
620
627
1221
407
1370
405
1375
1374
1376
452
408
453
457
271
1373
556
550
1171
510
513
515
685
684
1576
819
620
627
1221
407
1370
405
1375
1374
1376
452
408
453
457
271
1373
556
550
1171
510
513
515
685
684
1576
819
620
627
1221
407
1370
405
1375
1374
1376
452
408
453
457
271
1373
556
550
1171
510
513
515
685
684
1576
819
620
627
1221
407
1370
405
1375
1374
1376
452
408
453
457
271
1373
556
550
1171
510
513
515
685
684
1576
819
620
627
1221
407
1370
405
1375
1374
1376
452
408
453
457
271
1373
556
550
1171
510
513
515
685
684
1576
819
620
627
1221
407
1370
405
1375
1374
1376
452
408
453
457
271
1373
556
550
1171
510
513
515
685
684
1576
819
620
627
1221
407
1370
405
1375
1374
1376
452
408
453
457
271
1373
556
550
1171
510
513
515
685
684
1576
819
620
627
1221
407
1370
405
1375
1374
1376
452
408
453
457
271
1373
556
550
1171
510
513
515
685
684
1576
819
620
627
1221
407
1370
405
1375
1374
1376
452
408
453
457
271
1373
556
550
1171
510
513
515
685
684
1576
819
620
627
1221
407
1370
405
1375
1374
1376
452
408
453
457
271
1373
556
550
1171
510
513
515
685
684
1576
819
620
627
1221
407
1370
405
1375
1374
1376
452
408
453
457
271
1373
556
550
1171
510
513
515
685
684
1576
819
620
627
1221
407
1370
405
1375
1374
1376
452
408
453
457
271
1373
556
550
1171
510
513
515
685
684
1576
819
620
627
1221
407
1370
405
1375
1374
1376
452
408
453
457
271
1373
556
550
1171
510
513
515
685
684
1576
819
620
627
1221
407
1370
405
1375
1374
1376
452
408
453
457
271
1373
556
550
1171
510
513
515
685
684
1576
819
620
627
1221
407
1370
405
1375
1374
1376
452
408
453
457
271
1373
556
550
1171
510
513
515
685
684
1576
819
620
627
1221
407
1370
405
1375
1374
1376
452
408
453
457
271
1373
556
550
1171
510
513
515
685
684
1576
819
620
627
1221
407
1370
405
1375
1374
1376
452
408
453
457
271
1373
556
550
1171
510
513
515
685
684
1576
819
620
627
1221
407
1370
405
1375
1374
1376
452
408
453
457
271
1373
556
550
1171
510
513
515
685
684
1576
819
620
627
1221
407
1370
405
1375
1374
1376
452
408
453
457
271
1373
556
550
1171
510
513
515
685
684
1576
819
620
627
1221
407
1370
405
1375
1374
1376
452
408
453
457
271
1373
556
550
1171
510
513
515
685
684
1576
819
620
627
1221
407
1370
405
1375
1374
1376
452
408
453
457
271
1373
556
550
1171
510
513
515
685
684
1576
819
620
627
1221
407
1370
405
1375
1374
1376
452
408
453
457
271
1373
556
550
1171
510
513
515
685
684
1576
819
620
627
1221
407
1370
405
1375
1374
1376
452
408
453
457
271
1373
556
550
1171
510
513
515
685
684
1576
819
620
627
1221
407
1370
405
1375
1374
1376
452
408
453
457
271
1373
556
550
1171
510
513
515
685
684
1576
819
620
627
1221
407
1370
405
1375
1374
1376
452
408
453
457
271
1373
556
550
1171
510
513
515
685
684
1576
819
620
627
1221
407
1370
405
1375
1374
1376
452
408
453
457
271
1373
556
550
1171
510
513
515
685
684
1576
819
620
627
1221
407
1370
405
1375
1374
1376
452
408
453
457
271
1373
556
550
1171
510
513
515
685
684
1576
819
620
627
1221
407
1370
405
1375
1374
1376
452
408
453
457
271
1373
556
550
1171
510
513
515
685
684
1576
819
620
627
1221
407
1370
405
1375
1374
1376
452
408
453
457
271
1373
556
550
1171
510
513
515
685
684
1576
819
620
627
1221
407
1370
405
1375
1374
1376
452
408
453
457
271
1373
556
550
1171
510
513
515
685
684
1576
819
620
627
1221
407
1370
405
1375
1374
1376
452
408
453
457
271
1373
556
550
1171
510
513
515
685
684
1576
819
620
627
1221
407
1370
405
1375
1374
1376
452
408
453
457
271
1373
556
550
1171
510
513
515
685
684
1576
819
620
627
1221
407
1370
405
1375
1374
1376
452
408
453
457
271
1373
556
550
1171
510
513
515
685
684
1576
819
620
627
1221
407
1370
405
1375
1374
1376
452
408
453
457
271
1373
556
550
1171
510
513
515
685
684
1576
819
620
627
1221
407
1370
405
1375
1374
1376
452
408
453
457
271
1373
556
550
1171
510
513
515
685
684
1576
819
620
627
1221
407
1370
405
1375
1374
1376
452
408
453
457
271
1373
556
550
1171
510
513
515
685
684
1576
819
620
627
1221
407
1370
405
1375
1374
1376
452
408
453
