344
347
341
348
3573
2319
2316
2314
2315
2312
2310
271
2263
2043
2835
1991
1997
1996
1999
1998
556
2744
3430
1579
458
622
624
407
406
401
400
452
409
3832
457
344
347
341
348
3573
2319
2316
2314
2315
2312
2310
271
2263
2043
2835
1991
1997
1996
1999
1998
556
2744
3430
1579
458
622
624
407
406
401
400
452
409
3832
457
344
347
341
348
3573
2319
2316
2314
2315
2312
2310
271
2263
2043
2835
1991
1997
1996
1999
1998
556
2744
3430
1579
458
622
624
407
406
401
400
452
409
3832
457
344
347
341
348
3573
2319
2316
2314
2315
2312
2310
271
2263
2043
2835
1991
1997
1996
1999
1998
556
2744
3430
1579
458
622
624
407
406
401
400
452
409
3832
457
344
347
341
348
3573
2319
2316
2314
2315
2312
2310
271
2263
2043
2835
1991
1997
1996
1999
1998
556
2744
3430
1579
458
622
624
407
406
401
400
452
409
3832
457
344
347
341
348
3573
2319
2316
2314
2315
2312
2310
271
2263
2043
2835
1991
1997
1996
1999
1998
556
2744
3430
1579
458
622
624
407
406
401
400
452
409
3832
457
344
347
341
348
3573
2319
2316
2314
2315
2312
2310
271
2263
2043
2835
1991
1997
1996
1999
1998
556
2744
3430
1579
458
622
624
407
406
401
400
452
409
3832
457
344
347
341
348
3573
2319
2316
2314
2315
2312
2310
271
2263
2043
2835
1991
1997
1996
1999
1998
556
2744
3430
1579
458
622
624
407
406
401
400
452
409
3832
457
344
347
341
348
3573
2319
2316
2314
2315
2312
2310
271
2263
2043
2835
1991
1997
1996
1999
1998
556
2744
3430
1579
458
622
624
407
406
401
400
452
409
3832
457
344
347
341
348
3573
2319
2316
2314
2315
2312
2310
271
2263
2043
2835
1991
1997
1996
1999
1998
556
2744
3430
1579
458
622
624
407
406
401
400
452
409
3832
457
344
347
341
348
3573
2319
2316
2314
2315
2312
2310
271
2263
2043
2835
1991
1997
1996
1999
1998
556
2744
3430
1579
458
622
624
407
406
401
400
452
409
3832
457
344
347
341
348
3573
2319
2316
2314
2315
2312
2310
271
2263
2043
2835
1991
1997
1996
1999
1998
556
2744
3430
1579
458
622
624
407
406
401
400
452
409
3832
457
344
347
341
348
3573
2319
2316
2314
2315
2312
2310
271
2263
2043
2835
1991
1997
1996
1999
1998
556
2744
3430
1579
458
622
624
407
406
401
400
452
409
3832
457
344
347
341
348
3573
2319
2316
2314
2315
2312
2310
271
2263
2043
2835
1991
1997
1996
1999
1998
556
2744
3430
1579
458
622
624
407
406
401
400
452
409
3832
457
344
347
341
348
3573
2319
2316
2314
2315
2312
2310
271
2263
2043
2835
1991
1997
1996
1999
1998
556
2744
3430
1579
458
622
624
407
406
401
400
452
409
3832
457
344
347
341
348
3573
2319
2316
2314
2315
2312
2310
271
2263
2043
2835
1991
1997
1996
1999
1998
556
2744
3430
1579
458
622
624
407
406
401
400
452
409
3832
457
344
347
341
348
3573
2319
2316
2314
2315
2312
2310
271
2263
2043
2835
1991
1997
1996
1999
1998
556
2744
3430
1579
458
622
624
407
406
401
400
452
409
3832
457
344
347
341
348
3573
2319
2316
2314
2315
2312
2310
271
2263
2043
2835
1991
1997
1996
1999
1998
556
2744
3430
1579
458
622
624
407
406
401
400
452
409
3832
457
344
347
341
348
3573
2319
2316
2314
2315
2312
2310
271
2263
2043
2835
1991
1997
1996
1999
1998
556
2744
3430
1579
458
622
624
407
406
401
400
452
409
3832
457
344
347
341
348
3573
2319
2316
2314
2315
2312
2310
271
2263
2043
2835
1991
1997
1996
1999
1998
556
2744
3430
1579
458
622
624
407
406
401
400
452
409
3832
457
344
347
341
348
3573
2319
2316
2314
2315
2312
2310
271
2263
2043
2835
1991
1997
1996
1999
1998
556
2744
3430
1579
458
622
624
407
406
401
400
452
409
3832
457
344
347
341
348
3573
2319
2316
2314
2315
2312
2310
271
2263
2043
2835
1991
1997
1996
1999
1998
556
2744
3430
1579
458
622
624
407
406
401
400
452
409
3832
457
344
347
341
348
3573
2319
2316
2314
2315
2312
2310
271
2263
2043
2835
1991
1997
1996
1999
1998
556
2744
3430
1579
458
622
624
407
406
401
400
452
409
3832
457
344
347
341
348
3573
2319
2316
2314
2315
2312
2310
271
2263
2043
2835
1991
1997
1996
1999
1998
556
2744
3430
1579
458
622
624
407
406
401
400
452
409
3832
457
344
347
341
348
3573
2319
2316
2314
2315
2312
2310
271
2263
2043
2835
1991
1997
1996
1999
1998
556
2744
3430
1579
458
622
624
407
406
401
400
452
409
3832
457
344
347
341
348
3573
2319
2316
2314
2315
2312
2310
271
2263
2043
2835
1991
1997
1996
1999
1998
556
2744
3430
1579
458
622
624
407
406
401
400
452
409
3832
457
344
347
341
348
3573
2319
2316
2314
2315
2312
2310
271
2263
2043
2835
1991
1997
1996
1999
1998
556
2744
3430
1579
458
622
624
407
406
401
400
452
409
3832
457
344
347
341
348
3573
2319
2316
2314
2315
2312
2310
271
2263
2043
2835
1991
1997
1996
1999
1998
556
2744
3430
1579
458
622
624
407
406
401
400
452
409
3832
457
344
347
341
348
3573
2319
2316
2314
2315
2312
2310
271
2263
2043
2835
1991
1997
1996
1999
1998
556
2744
3430
1579
458
622
624
407
406
401
400
452
409
3832
457
344
347
341
348
3573
2319
2316
2314
2315
2312
2310
271
2263
2043
2835
1991
1997
1996
1999
1998
556
2744
3430
1579
458
622
624
407
406
401
400
452
409
3832
457
344
347
341
348
3573
2319
2316
2314
2315
2312
2310
271
2263
2043
2835
1991
1997
1996
1999
1998
556
2744
3430
1579
458
622
624
407
406
401
400
452
409
3832
457
344
347
341
348
3573
2319
2316
2314
2315
2312
2310
271
2263
2043
2835
1991
1997
1996
1999
1998
556
2744
3430
1579
458
622
624
407
406
401
400
452
409
3832
457
344
347
341
348
3573
2319
2316
2314
2315
2312
2310
271
2263
2043
2835
1991
1997
1996
1999
1998
556
2744
3430
1579
458
622
624
407
406
401
400
452
409
3832
457
344
347
341
348
3573
2319
2316
2314
2315
2312
2310
271
2263
2043
2835
1991
1997
1996
1999
1998
556
2744
3430
1579
458
622
624
407
406
401
400
452
409
3832
457
344
347
341
348
3573
2319
2316
2314
2315
2312
2310
271
2263
2043
2835
1991
1997
1996
1999
1998
556
2744
3430
1579
458
622
624
407
406
401
400
452
409
3832
457
344
347
341
348
3573
2319
2316
2314
2315
2312
2310
271
2263
2043
2835
1991
1997
1996
1999
1998
556
2744
3430
1579
458
622
624
407
406
401
400
452
409
3832
457
344
347
341
348
3573
2319
2316
2314
2315
2312
2310
271
2263
2043
2835
1991
1997
1996
1999
1998
556
2744
3430
1579
458
622
624
407
406
401
400
452
409
3832
457
344
347
341
348
3573
2319
2316
2314
2315
2312
2310
271
2263
2043
2835
1991
1997
1996
1999
1998
556
2744
3430
1579
458
622
624
407
406
401
400
452
409
3832
457
344
347
341
348
3573
2319
2316
2314
2315
2312
2310
271
2263
2043
2835
1991
1997
1996
1999
1998
556
2744
3430
1579
458
622
624
407
406
401
400
452
409
3832
457
344
347
341
348
3573
2319
2316
2314
2315
2312
2310
271
2263
2043
2835
1991
1997
1996
1999
1998
556
2744
3430
1579
458
622
624
407
406
401
400
452
409
3832
457
344
347
341
348
3573
2319
2316
2314
2315
2312
2310
271
2263
2043
2835
1991
1997
1996
1999
1998
556
2744
3430
1579
458
622
624
407
406
401
400
452
409
3832
457
344
347
341
348
3573
2319
2316
2314
2315
2312
2310
271
2263
2043
2835
1991
1997
1996
1999
1998
556
2744
3430
1579
458
622
624
407
406
401
400
452
409
3832
457
344
347
341
348
3573
2319
2316
2314
2315
2312
2310
271
2263
2043
2835
1991
1997
1996
1999
1998
556
2744
3430
1579
458
622
624
407
406
401
400
452
409
3832
457
344
347
341
348
3573
2319
2316
2314
2315
2312
2310
271
2263
2043
2835
1991
1997
1996
1999
1998
556
2744
3430
1579
458
622
624
407
406
401
400
452
409
3832
457
344
347
341
348
3573
2319
2316
2314
2315
2312
2310
271
2263
2043
2835
1991
1997
1996
1999
1998
556
2744
3430
1579
458
622
624
407
406
401
400
452
409
3832
457
344
347
341
348
3573
2319
2316
2314
2315
2312
2310
271
2263
2043
2835
1991
1997
1996
1999
1998
556
2744
3430
1579
458
622
624
407
406
401
400
452
409
3832
457
344
347
341
348
3573
2319
2316
2314
2315
2312
2310
271
2263
2043
2835
1991
1997
1996
1999
1998
556
2744
3430
1579
458
622
624
407
406
401
400
452
409
3832
457
344
347
341
348
3573
2319
2316
2314
2315
2312
2310
271
2263
2043
2835
1991
1997
1996
1999
1998
556
2744
3430
1579
458
622
624
407
406
401
400
452
409
3832
457
344
347
341
348
3573
2319
2316
2314
2315
2312
2310
271
2263
2043
2835
1991
1997
1996
1999
1998
556
2744
3430
1579
458
622
624
407
406
401
400
452
409
3832
457
344
347
341
348
3573
2319
2316
2314
2315
2312
2310
271
2263
2043
2835
1991
1997
1996
1999
1998
556
2744
3430
1579
458
622
624
407
406
401
400
452
409
3832
457
