6791
3772
3771
3777
3776
3775
3774
3779
3778
3834
3835
3836
3831
3832
3833
3838
3839
6792
6784
3827
3826
3825
3824
3823
3822
3821
3829
1777
5130
3812
3813
3810
3811
3816
3817
6791
3772
3771
3777
3776
3775
3774
3779
3778
3834
3835
3836
3831
3832
3833
3838
3839
6792
6784
3827
3826
3825
3824
3823
3822
3821
3829
1777
5130
3812
3813
3810
3811
3816
3817
6791
3772
3771
3777
3776
3775
3774
3779
3778
3834
3835
3836
3831
3832
3833
3838
3839
6792
6784
3827
3826
3825
3824
3823
3822
3821
3829
1777
5130
3812
3813
3810
3811
3816
3817
6791
3772
3771
3777
3776
3775
3774
3779
3778
3834
3835
3836
3831
3832
3833
3838
3839
6792
6784
3827
3826
3825
3824
3823
3822
3821
3829
1777
5130
3812
3813
3810
3811
3816
3817
6791
3772
3771
3777
3776
3775
3774
3779
3778
3834
3835
3836
3831
3832
3833
3838
3839
6792
6784
3827
3826
3825
3824
3823
3822
3821
3829
1777
5130
3812
3813
3810
3811
3816
3817
6791
3772
3771
3777
3776
3775
3774
3779
3778
3834
3835
3836
3831
3832
3833
3838
3839
6792
6784
3827
3826
3825
3824
3823
3822
3821
3829
1777
5130
3812
3813
3810
3811
3816
3817
6791
3772
3771
3777
3776
3775
3774
3779
3778
3834
3835
3836
3831
3832
3833
3838
3839
6792
6784
3827
3826
3825
3824
3823
3822
3821
3829
1777
5130
3812
3813
3810
3811
3816
3817
6791
3772
3771
3777
3776
3775
3774
3779
3778
3834
3835
3836
3831
3832
3833
3838
3839
6792
6784
3827
3826
3825
3824
3823
3822
3821
3829
1777
5130
3812
3813
3810
3811
3816
3817
6791
3772
3771
3777
3776
3775
3774
3779
3778
3834
3835
3836
3831
3832
3833
3838
3839
6792
6784
3827
3826
3825
3824
3823
3822
3821
3829
1777
5130
3812
3813
3810
3811
3816
3817
6791
3772
3771
3777
3776
3775
3774
3779
3778
3834
3835
3836
3831
3832
3833
3838
3839
6792
6784
3827
3826
3825
3824
3823
3822
3821
3829
1777
5130
3812
3813
3810
3811
3816
3817
6791
3772
3771
3777
3776
3775
3774
3779
3778
3834
3835
3836
3831
3832
3833
3838
3839
6792
6784
3827
3826
3825
3824
3823
3822
3821
3829
1777
5130
3812
3813
3810
3811
3816
3817
6791
3772
3771
3777
3776
3775
3774
3779
3778
3834
3835
3836
3831
3832
3833
3838
3839
6792
6784
3827
3826
3825
3824
3823
3822
3821
3829
1777
5130
3812
3813
3810
3811
3816
3817
6791
3772
3771
3777
3776
3775
3774
3779
3778
3834
3835
3836
3831
3832
3833
3838
3839
6792
6784
3827
3826
3825
3824
3823
3822
3821
3829
1777
5130
3812
3813
3810
3811
3816
3817
6791
3772
3771
3777
3776
3775
3774
3779
3778
3834
3835
3836
3831
3832
3833
3838
3839
6792
6784
3827
3826
3825
3824
3823
3822
3821
3829
1777
5130
3812
3813
3810
3811
3816
3817
6791
3772
3771
3777
3776
3775
3774
3779
3778
3834
3835
3836
3831
3832
3833
3838
3839
6792
6784
3827
3826
3825
3824
3823
3822
3821
3829
1777
5130
3812
3813
3810
3811
3816
3817
6791
3772
3771
3777
3776
3775
3774
3779
3778
3834
3835
3836
3831
3832
3833
3838
3839
6792
6784
3827
3826
3825
3824
3823
3822
3821
3829
1777
5130
3812
3813
3810
3811
3816
3817
6791
3772
3771
3777
3776
3775
3774
3779
3778
3834
3835
3836
3831
3832
3833
3838
3839
6792
6784
3827
3826
3825
3824
3823
3822
3821
3829
1777
5130
3812
3813
3810
3811
3816
3817
6791
3772
3771
3777
3776
3775
3774
3779
3778
3834
3835
3836
3831
3832
3833
3838
3839
6792
6784
3827
3826
3825
3824
3823
3822
3821
3829
1777
5130
3812
3813
3810
3811
3816
3817
6791
3772
3771
3777
3776
3775
3774
3779
3778
3834
3835
3836
3831
3832
3833
3838
3839
6792
6784
3827
3826
3825
3824
3823
3822
3821
3829
1777
5130
3812
3813
3810
3811
3816
3817
6791
3772
3771
3777
3776
3775
3774
3779
3778
3834
3835
3836
3831
3832
3833
3838
3839
6792
6784
3827
3826
3825
3824
3823
3822
3821
3829
1777
5130
3812
3813
3810
3811
3816
3817
6791
3772
3771
3777
3776
3775
3774
3779
3778
3834
3835
3836
3831
3832
3833
3838
3839
6792
6784
3827
3826
3825
3824
3823
3822
3821
3829
1777
5130
3812
3813
3810
3811
3816
3817
6791
3772
3771
3777
3776
3775
3774
3779
3778
3834
3835
3836
3831
3832
3833
3838
3839
6792
6784
3827
3826
3825
3824
3823
3822
3821
3829
1777
5130
3812
3813
3810
3811
3816
3817
6791
3772
3771
3777
3776
3775
3774
3779
3778
3834
3835
3836
3831
3832
3833
3838
3839
6792
6784
3827
3826
3825
3824
3823
3822
3821
3829
1777
5130
3812
3813
3810
3811
3816
3817
6791
3772
3771
3777
3776
3775
3774
3779
3778
3834
3835
3836
3831
3832
3833
3838
3839
6792
6784
3827
3826
3825
3824
3823
3822
3821
3829
1777
5130
3812
3813
3810
3811
3816
3817
6791
3772
3771
3777
3776
3775
3774
3779
3778
3834
3835
3836
3831
3832
3833
3838
3839
6792
6784
3827
3826
3825
3824
3823
3822
3821
3829
1777
5130
3812
3813
3810
3811
3816
3817
6791
3772
3771
3777
3776
3775
3774
3779
3778
3834
3835
3836
3831
3832
3833
3838
3839
6792
6784
3827
3826
3825
3824
3823
3822
3821
3829
1777
5130
3812
3813
3810
3811
3816
3817
6791
3772
3771
3777
3776
3775
3774
3779
3778
3834
3835
3836
3831
3832
3833
3838
3839
6792
6784
3827
3826
3825
3824
3823
3822
3821
3829
1777
5130
3812
3813
3810
3811
3816
3817
6791
3772
3771
3777
3776
3775
3774
3779
3778
3834
3835
3836
3831
3832
3833
3838
3839
6792
6784
3827
3826
3825
3824
3823
3822
3821
3829
1777
5130
3812
3813
3810
3811
3816
3817
6791
3772
3771
3777
3776
3775
3774
3779
3778
3834
3835
3836
3831
3832
3833
3838
3839
6792
6784
3827
3826
3825
3824
3823
3822
3821
3829
1777
5130
3812
3813
3810
3811
3816
3817
6791
3772
3771
3777
3776
3775
3774
3779
3778
3834
3835
3836
3831
3832
3833
3838
3839
6792
6784
3827
3826
3825
3824
3823
3822
3821
3829
1777
5130
3812
3813
3810
3811
3816
3817
6791
3772
3771
3777
3776
3775
3774
3779
3778
3834
3835
3836
3831
3832
3833
3838
3839
6792
6784
3827
3826
3825
3824
3823
3822
3821
3829
1777
5130
3812
3813
3810
3811
3816
3817
6791
3772
3771
3777
3776
3775
3774
3779
3778
3834
3835
3836
3831
3832
3833
3838
3839
6792
6784
3827
3826
3825
3824
3823
3822
3821
3829
1777
5130
3812
3813
3810
3811
3816
3817
6791
3772
3771
3777
3776
3775
3774
3779
3778
3834
3835
3836
3831
3832
3833
3838
3839
6792
6784
3827
3826
3825
3824
3823
3822
3821
3829
1777
5130
3812
3813
3810
3811
3816
3817
6791
3772
3771
3777
3776
3775
3774
3779
3778
3834
3835
3836
3831
3832
3833
3838
3839
6792
6784
3827
3826
3825
3824
3823
3822
3821
3829
1777
5130
3812
3813
3810
3811
3816
3817
6791
3772
3771
3777
3776
3775
3774
3779
3778
3834
3835
3836
3831
3832
3833
3838
3839
6792
6784
3827
3826
3825
3824
3823
3822
3821
3829
1777
5130
3812
3813
3810
3811
3816
3817
6791
3772
3771
3777
3776
3775
3774
3779
3778
3834
3835
3836
3831
3832
3833
3838
3839
6792
6784
3827
3826
3825
3824
3823
3822
3821
3829
1777
5130
3812
3813
3810
3811
3816
3817
6791
3772
3771
3777
3776
3775
3774
3779
3778
3834
3835
3836
3831
3832
3833
3838
3839
6792
6784
3827
3826
3825
3824
3823
3822
3821
3829
1777
5130
3812
3813
3810
3811
3816
3817
6791
3772
3771
3777
3776
3775
3774
3779
3778
3834
3835
3836
3831
3832
3833
3838
3839
6792
6784
3827
3826
3825
3824
3823
3822
3821
3829
1777
5130
3812
3813
3810
3811
3816
3817
6791
3772
3771
3777
3776
3775
3774
3779
3778
3834
3835
3836
3831
3832
3833
3838
3839
6792
6784
3827
3826
3825
3824
3823
3822
3821
3829
1777
5130
3812
3813
3810
3811
3816
3817
6791
3772
3771
3777
3776
3775
3774
3779
3778
3834
3835
3836
3831
3832
3833
3838
3839
6792
6784
3827
3826
3825
3824
3823
3822
3821
3829
1777
5130
3812
3813
3810
3811
3816
3817
6791
3772
3771
3777
3776
3775
3774
3779
3778
3834
3835
3836
3831
3832
3833
3838
3839
6792
6784
3827
3826
3825
3824
3823
3822
3821
3829
1777
5130
3812
3813
3810
3811
3816
3817
6791
3772
3771
3777
3776
3775
3774
3779
3778
3834
3835
3836
3831
3832
3833
3838
3839
6792
6784
3827
3826
3825
3824
3823
3822
3821
3829
1777
5130
3812
3813
3810
3811
3816
3817
6791
3772
3771
3777
3776
3775
3774
3779
3778
3834
3835
3836
3831
3832
3833
3838
3839
6792
6784
3827
3826
3825
3824
3823
3822
3821
3829
1777
5130
3812
3813
3810
3811
3816
3817
6791
3772
3771
3777
3776
3775
3774
3779
3778
3834
3835
3836
3831
3832
3833
3838
3839
6792
6784
3827
3826
3825
3824
3823
3822
3821
3829
1777
5130
3812
3813
3810
3811
3816
3817
6791
3772
3771
3777
3776
3775
3774
3779
3778
3834
3835
3836
3831
3832
3833
3838
3839
6792
6784
3827
3826
3825
3824
3823
3822
3821
3829
1777
5130
3812
3813
3810
3811
3816
3817
6791
3772
3771
3777
3776
3775
3774
3779
3778
3834
3835
3836
3831
3832
3833
3838
3839
6792
6784
3827
3826
3825
3824
3823
3822
3821
3829
1777
5130
3812
3813
3810
3811
3816
3817
6791
3772
3771
3777
3776
3775
3774
3779
3778
3834
3835
3836
3831
3832
3833
3838
3839
6792
6784
3827
3826
3825
3824
3823
3822
3821
3829
1777
5130
3812
3813
3810
3811
3816
3817
6791
3772
3771
3777
3776
3775
3774
3779
3778
3834
3835
3836
3831
3832
3833
3838
3839
6792
6784
3827
3826
3825
3824
3823
3822
3821
3829
1777
5130
3812
3813
3810
3811
3816
3817
6791
3772
3771
3777
3776
3775
3774
3779
3778
3834
3835
3836
3831
3832
3833
3838
3839
6792
6784
3827
3826
3825
3824
3823
3822
3821
3829
1777
5130
3812
3813
3810
3811
3816
3817
6791
3772
3771
3777
3776
3775
3774
3779
3778
3834
3835
3836
3831
3832
3833
3838
3839
6792
6784
3827
3826
3825
3824
3823
3822
3821
3829
1777
5130
3812
3813
3810
3811
3816
3817
