477
27
313
279
453
397
25
328
284
480
479
561
276
525
29
24
32
97
76
281
78
392
663
82
387
59
121
179
94
966
81
474
614
731
1966
477
27
313
279
453
397
25
328
284
480
479
561
276
525
29
24
32
97
76
281
78
392
663
82
387
59
121
179
94
966
81
474
614
731
1966
477
27
313
279
453
397
25
328
284
480
479
561
276
525
29
24
32
97
76
281
78
392
663
82
387
59
121
179
94
966
81
474
614
731
1966
477
27
313
279
453
397
25
328
284
480
479
561
276
525
29
24
32
97
76
281
78
392
663
82
387
59
121
179
94
966
81
474
614
731
1966
477
27
313
279
453
397
25
328
284
480
479
561
276
525
29
24
32
97
76
281
78
392
663
82
387
59
121
179
94
966
81
474
614
731
1966
477
27
313
279
453
397
25
328
284
480
479
561
276
525
29
24
32
97
76
281
78
392
663
82
387
59
121
179
94
966
81
474
614
731
1966
477
27
313
279
453
397
25
328
284
480
479
561
276
525
29
24
32
97
76
281
78
392
663
82
387
59
121
179
94
966
81
474
614
731
1966
477
27
313
279
453
397
25
328
284
480
479
561
276
525
29
24
32
97
76
281
78
392
663
82
387
59
121
179
94
966
81
474
614
731
1966
477
27
313
279
453
397
25
328
284
480
479
561
276
525
29
24
32
97
76
281
78
392
663
82
387
59
121
179
94
966
81
474
614
731
1966
477
27
313
279
453
397
25
328
284
480
479
561
276
525
29
24
32
97
76
281
78
392
663
82
387
59
121
179
94
966
81
474
614
731
1966
477
27
313
279
453
397
25
328
284
480
479
561
276
525
29
24
32
97
76
281
78
392
663
82
387
59
121
179
94
966
81
474
614
731
1966
477
27
313
279
453
397
25
328
284
480
479
561
276
525
29
24
32
97
76
281
78
392
663
82
387
59
121
179
94
966
81
474
614
731
1966
477
27
313
279
453
397
25
328
284
480
479
561
276
525
29
24
32
97
76
281
78
392
663
82
387
59
121
179
94
966
81
474
614
731
1966
477
27
313
279
453
397
25
328
284
480
479
561
276
525
29
24
32
97
76
281
78
392
663
82
387
59
121
179
94
966
81
474
614
731
1966
477
27
313
279
453
397
25
328
284
480
479
561
276
525
29
24
32
97
76
281
78
392
663
82
387
59
121
179
94
966
81
474
614
731
1966
477
27
313
279
453
397
25
328
284
480
479
561
276
525
29
24
32
97
76
281
78
392
663
82
387
59
121
179
94
966
81
474
614
731
1966
477
27
313
279
453
397
25
328
284
480
479
561
276
525
29
24
32
97
76
281
78
392
663
82
387
59
121
179
94
966
81
474
614
731
1966
477
27
313
279
453
397
25
328
284
480
479
561
276
525
29
24
32
97
76
281
78
392
663
82
387
59
121
179
94
966
81
474
614
731
1966
477
27
313
279
453
397
25
328
284
480
479
561
276
525
29
24
32
97
76
281
78
392
663
82
387
59
121
179
94
966
81
474
614
731
1966
477
27
313
279
453
397
25
328
284
480
479
561
276
525
29
24
32
97
76
281
78
392
663
82
387
59
121
179
94
966
81
474
614
731
1966
477
27
313
279
453
397
25
328
284
480
479
561
276
525
29
24
32
97
76
281
78
392
663
82
387
59
121
179
94
966
81
474
614
731
1966
477
27
313
279
453
397
25
328
284
480
479
561
276
525
29
24
32
97
76
281
78
392
663
82
387
59
121
179
94
966
81
474
614
731
1966
477
27
313
279
453
397
25
328
284
480
479
561
276
525
29
24
32
97
76
281
78
392
663
82
387
59
121
179
94
966
81
474
614
731
1966
477
27
313
279
453
397
25
328
284
480
479
561
276
525
29
24
32
97
76
281
78
392
663
82
387
59
121
179
94
966
81
474
614
731
1966
477
27
313
279
453
397
25
328
284
480
479
561
276
525
29
24
32
97
76
281
78
392
663
82
387
59
121
179
94
966
81
474
614
731
1966
477
27
313
279
453
397
25
328
284
480
479
561
276
525
29
24
32
97
76
281
78
392
663
82
387
59
121
179
94
966
81
474
614
731
1966
477
27
313
279
453
397
25
328
284
480
479
561
276
525
29
24
32
97
76
281
78
392
663
82
387
59
121
179
94
966
81
474
614
731
1966
477
27
313
279
453
397
25
328
284
480
479
561
276
525
29
24
32
97
76
281
78
392
663
82
387
59
121
179
94
966
81
474
614
731
1966
477
27
313
279
453
397
25
328
284
480
479
561
276
525
29
24
32
97
76
281
78
392
663
82
387
59
121
179
94
966
81
474
614
731
1966
477
27
313
279
453
397
25
328
284
480
479
561
276
525
29
24
32
97
76
281
78
392
663
82
387
59
121
179
94
966
81
474
614
731
1966
477
27
313
279
453
397
25
328
284
480
479
561
276
525
29
24
32
97
76
281
78
392
663
82
387
59
121
179
94
966
81
474
614
731
1966
477
27
313
279
453
397
25
328
284
480
479
561
276
525
29
24
32
97
76
281
78
392
663
82
387
59
121
179
94
966
81
474
614
731
1966
477
27
313
279
453
397
25
328
284
480
479
561
276
525
29
24
32
97
76
281
78
392
663
82
387
59
121
179
94
966
81
474
614
731
1966
477
27
313
279
453
397
25
328
284
480
479
561
276
525
29
24
32
97
76
281
78
392
663
82
387
59
121
179
94
966
81
474
614
731
1966
477
27
313
279
453
397
25
328
284
480
479
561
276
525
29
24
32
97
76
281
78
392
663
82
387
59
121
179
94
966
81
474
614
731
1966
477
27
313
279
453
397
25
328
284
480
479
561
276
525
29
24
32
97
76
281
78
392
663
82
387
59
121
179
94
966
81
474
614
731
1966
477
27
313
279
453
397
25
328
284
480
479
561
276
525
29
24
32
97
76
281
78
392
663
82
387
59
121
179
94
966
81
474
614
731
1966
477
27
313
279
453
397
25
328
284
480
479
561
276
525
29
24
32
97
76
281
78
392
663
82
387
59
121
179
94
966
81
474
614
731
1966
477
27
313
279
453
397
25
328
284
480
479
561
276
525
29
24
32
97
76
281
78
392
663
82
387
59
121
179
94
966
81
474
614
731
1966
477
27
313
279
453
397
25
328
284
480
479
561
276
525
29
24
32
97
76
281
78
392
663
82
387
59
121
179
94
966
81
474
614
731
1966
477
27
313
279
453
397
25
328
284
480
479
561
276
525
29
24
32
97
76
281
78
392
663
82
387
59
121
179
94
966
81
474
614
731
1966
477
27
313
279
453
397
25
328
284
480
479
561
276
525
29
24
32
97
76
281
78
392
663
82
387
59
121
179
94
966
81
474
614
731
1966
477
27
313
279
453
397
25
328
284
480
479
561
276
525
29
24
32
97
76
281
78
392
663
82
387
59
121
179
94
966
81
474
614
731
1966
477
27
313
279
453
397
25
328
284
480
479
561
276
525
29
24
32
97
76
281
78
392
663
82
387
59
121
179
94
966
81
474
614
731
1966
477
27
313
279
453
397
25
328
284
480
479
561
276
525
29
24
32
97
76
281
78
392
663
82
387
59
121
179
94
966
81
474
614
731
1966
477
27
313
279
453
397
25
328
284
480
479
561
276
525
29
24
32
97
76
281
78
392
663
82
387
59
121
179
94
966
81
474
614
731
1966
477
27
313
279
453
397
25
328
284
480
479
561
276
525
29
24
32
97
76
281
78
392
663
82
387
59
121
179
94
966
81
474
614
731
1966
477
27
313
279
453
397
25
328
284
480
479
561
276
525
29
24
32
97
76
281
78
392
663
82
387
59
121
179
94
966
81
474
614
731
1966
477
27
313
279
453
397
25
328
284
480
479
561
276
525
29
24
32
97
76
281
78
392
663
82
387
59
121
179
94
966
81
474
614
731
1966
477
27
313
279
453
397
25
328
284
480
479
561
276
525
29
24
32
97
76
281
78
392
663
82
387
59
121
179
94
966
81
474
614
731
1966
