2046
2044
2106
1991
2862
2863
559
2865
2866
2868
688
399
2056
2058
1960
2873
2871
2870
2874
692
367
4759
4753
2202
2735
2736
2737
2730
2731
2732
2733
1775
531
3290
227
2210
2729
2728
2851
2852
2046
2044
2106
1991
2862
2863
559
2865
2866
2868
688
399
2056
2058
1960
2873
2871
2870
2874
692
367
4759
4753
2202
2735
2736
2737
2730
2731
2732
2733
1775
531
3290
227
2210
2729
2728
2851
2852
2046
2044
2106
1991
2862
2863
559
2865
2866
2868
688
399
2056
2058
1960
2873
2871
2870
2874
692
367
4759
4753
2202
2735
2736
2737
2730
2731
2732
2733
1775
531
3290
227
2210
2729
2728
2851
2852
2046
2044
2106
1991
2862
2863
559
2865
2866
2868
688
399
2056
2058
1960
2873
2871
2870
2874
692
367
4759
4753
2202
2735
2736
2737
2730
2731
2732
2733
1775
531
3290
227
2210
2729
2728
2851
2852
2046
2044
2106
1991
2862
2863
559
2865
2866
2868
688
399
2056
2058
1960
2873
2871
2870
2874
692
367
4759
4753
2202
2735
2736
2737
2730
2731
2732
2733
1775
531
3290
227
2210
2729
2728
2851
2852
2046
2044
2106
1991
2862
2863
559
2865
2866
2868
688
399
2056
2058
1960
2873
2871
2870
2874
692
367
4759
4753
2202
2735
2736
2737
2730
2731
2732
2733
1775
531
3290
227
2210
2729
2728
2851
2852
2046
2044
2106
1991
2862
2863
559
2865
2866
2868
688
399
2056
2058
1960
2873
2871
2870
2874
692
367
4759
4753
2202
2735
2736
2737
2730
2731
2732
2733
1775
531
3290
227
2210
2729
2728
2851
2852
2046
2044
2106
1991
2862
2863
559
2865
2866
2868
688
399
2056
2058
1960
2873
2871
2870
2874
692
367
4759
4753
2202
2735
2736
2737
2730
2731
2732
2733
1775
531
3290
227
2210
2729
2728
2851
2852
2046
2044
2106
1991
2862
2863
559
2865
2866
2868
688
399
2056
2058
1960
2873
2871
2870
2874
692
367
4759
4753
2202
2735
2736
2737
2730
2731
2732
2733
1775
531
3290
227
2210
2729
2728
2851
2852
2046
2044
2106
1991
2862
2863
559
2865
2866
2868
688
399
2056
2058
1960
2873
2871
2870
2874
692
367
4759
4753
2202
2735
2736
2737
2730
2731
2732
2733
1775
531
3290
227
2210
2729
2728
2851
2852
2046
2044
2106
1991
2862
2863
559
2865
2866
2868
688
399
2056
2058
1960
2873
2871
2870
2874
692
367
4759
4753
2202
2735
2736
2737
2730
2731
2732
2733
1775
531
3290
227
2210
2729
2728
2851
2852
2046
2044
2106
1991
2862
2863
559
2865
2866
2868
688
399
2056
2058
1960
2873
2871
2870
2874
692
367
4759
4753
2202
2735
2736
2737
2730
2731
2732
2733
1775
531
3290
227
2210
2729
2728
2851
2852
2046
2044
2106
1991
2862
2863
559
2865
2866
2868
688
399
2056
2058
1960
2873
2871
2870
2874
692
367
4759
4753
2202
2735
2736
2737
2730
2731
2732
2733
1775
531
3290
227
2210
2729
2728
2851
2852
2046
2044
2106
1991
2862
2863
559
2865
2866
2868
688
399
2056
2058
1960
2873
2871
2870
2874
692
367
4759
4753
2202
2735
2736
2737
2730
2731
2732
2733
1775
531
3290
227
2210
2729
2728
2851
2852
2046
2044
2106
1991
2862
2863
559
2865
2866
2868
688
399
2056
2058
1960
2873
2871
2870
2874
692
367
4759
4753
2202
2735
2736
2737
2730
2731
2732
2733
1775
531
3290
227
2210
2729
2728
2851
2852
2046
2044
2106
1991
2862
2863
559
2865
2866
2868
688
399
2056
2058
1960
2873
2871
2870
2874
692
367
4759
4753
2202
2735
2736
2737
2730
2731
2732
2733
1775
531
3290
227
2210
2729
2728
2851
2852
2046
2044
2106
1991
2862
2863
559
2865
2866
2868
688
399
2056
2058
1960
2873
2871
2870
2874
692
367
4759
4753
2202
2735
2736
2737
2730
2731
2732
2733
1775
531
3290
227
2210
2729
2728
2851
2852
2046
2044
2106
1991
2862
2863
559
2865
2866
2868
688
399
2056
2058
1960
2873
2871
2870
2874
692
367
4759
4753
2202
2735
2736
2737
2730
2731
2732
2733
1775
531
3290
227
2210
2729
2728
2851
2852
2046
2044
2106
1991
2862
2863
559
2865
2866
2868
688
399
2056
2058
1960
2873
2871
2870
2874
692
367
4759
4753
2202
2735
2736
2737
2730
2731
2732
2733
1775
531
3290
227
2210
2729
2728
2851
2852
2046
2044
2106
1991
2862
2863
559
2865
2866
2868
688
399
2056
2058
1960
2873
2871
2870
2874
692
367
4759
4753
2202
2735
2736
2737
2730
2731
2732
2733
1775
531
3290
227
2210
2729
2728
2851
2852
2046
2044
2106
1991
2862
2863
559
2865
2866
2868
688
399
2056
2058
1960
2873
2871
2870
2874
692
367
4759
4753
2202
2735
2736
2737
2730
2731
2732
2733
1775
531
3290
227
2210
2729
2728
2851
2852
2046
2044
2106
1991
2862
2863
559
2865
2866
2868
688
399
2056
2058
1960
2873
2871
2870
2874
692
367
4759
4753
2202
2735
2736
2737
2730
2731
2732
2733
1775
531
3290
227
2210
2729
2728
2851
2852
2046
2044
2106
1991
2862
2863
559
2865
2866
2868
688
399
2056
2058
1960
2873
2871
2870
2874
692
367
4759
4753
2202
2735
2736
2737
2730
2731
2732
2733
1775
531
3290
227
2210
2729
2728
2851
2852
2046
2044
2106
1991
2862
2863
559
2865
2866
2868
688
399
2056
2058
1960
2873
2871
2870
2874
692
367
4759
4753
2202
2735
2736
2737
2730
2731
2732
2733
1775
531
3290
227
2210
2729
2728
2851
2852
2046
2044
2106
1991
2862
2863
559
2865
2866
2868
688
399
2056
2058
1960
2873
2871
2870
2874
692
367
4759
4753
2202
2735
2736
2737
2730
2731
2732
2733
1775
531
3290
227
2210
2729
2728
2851
2852
2046
2044
2106
1991
2862
2863
559
2865
2866
2868
688
399
2056
2058
1960
2873
2871
2870
2874
692
367
4759
4753
2202
2735
2736
2737
2730
2731
2732
2733
1775
531
3290
227
2210
2729
2728
2851
2852
2046
2044
2106
1991
2862
2863
559
2865
2866
2868
688
399
2056
2058
1960
2873
2871
2870
2874
692
367
4759
4753
2202
2735
2736
2737
2730
2731
2732
2733
1775
531
3290
227
2210
2729
2728
2851
2852
2046
2044
2106
1991
2862
2863
559
2865
2866
2868
688
399
2056
2058
1960
2873
2871
2870
2874
692
367
4759
4753
2202
2735
2736
2737
2730
2731
2732
2733
1775
531
3290
227
2210
2729
2728
2851
2852
2046
2044
2106
1991
2862
2863
559
2865
2866
2868
688
399
2056
2058
1960
2873
2871
2870
2874
692
367
4759
4753
2202
2735
2736
2737
2730
2731
2732
2733
1775
531
3290
227
2210
2729
2728
2851
2852
2046
2044
2106
1991
2862
2863
559
2865
2866
2868
688
399
2056
2058
1960
2873
2871
2870
2874
692
367
4759
4753
2202
2735
2736
2737
2730
2731
2732
2733
1775
531
3290
227
2210
2729
2728
2851
2852
2046
2044
2106
1991
2862
2863
559
2865
2866
2868
688
399
2056
2058
1960
2873
2871
2870
2874
692
367
4759
4753
2202
2735
2736
2737
2730
2731
2732
2733
1775
531
3290
227
2210
2729
2728
2851
2852
2046
2044
2106
1991
2862
2863
559
2865
2866
2868
688
399
2056
2058
1960
2873
2871
2870
2874
692
367
4759
4753
2202
2735
2736
2737
2730
2731
2732
2733
1775
531
3290
227
2210
2729
2728
2851
2852
2046
2044
2106
1991
2862
2863
559
2865
2866
2868
688
399
2056
2058
1960
2873
2871
2870
2874
692
367
4759
4753
2202
2735
2736
2737
2730
2731
2732
2733
1775
531
3290
227
2210
2729
2728
2851
2852
2046
2044
2106
1991
2862
2863
559
2865
2866
2868
688
399
2056
2058
1960
2873
2871
2870
2874
692
367
4759
4753
2202
2735
2736
2737
2730
2731
2732
2733
1775
531
3290
227
2210
2729
2728
2851
2852
2046
2044
2106
1991
2862
2863
559
2865
2866
2868
688
399
2056
2058
1960
2873
2871
2870
2874
692
367
4759
4753
2202
2735
2736
2737
2730
2731
2732
2733
1775
531
3290
227
2210
2729
2728
2851
2852
2046
2044
2106
1991
2862
2863
559
2865
2866
2868
688
399
2056
2058
1960
2873
2871
2870
2874
692
367
4759
4753
2202
2735
2736
2737
2730
2731
2732
2733
1775
531
3290
227
2210
2729
2728
2851
2852
2046
2044
2106
1991
2862
2863
559
2865
2866
2868
688
399
2056
2058
1960
2873
2871
2870
2874
692
367
4759
4753
2202
2735
2736
2737
2730
2731
2732
2733
1775
531
3290
227
2210
2729
2728
2851
2852
2046
2044
2106
1991
2862
2863
559
2865
2866
2868
688
399
2056
2058
1960
2873
2871
2870
2874
692
367
4759
4753
2202
2735
2736
2737
2730
2731
2732
2733
1775
531
3290
227
2210
2729
2728
2851
2852
2046
2044
2106
1991
2862
2863
559
2865
2866
2868
688
399
2056
2058
1960
2873
2871
2870
2874
692
367
4759
4753
2202
2735
2736
2737
2730
2731
2732
2733
1775
531
3290
227
2210
2729
2728
2851
2852
2046
2044
2106
1991
2862
2863
559
2865
2866
2868
688
399
2056
2058
1960
2873
2871
2870
2874
692
367
4759
4753
2202
2735
2736
2737
2730
2731
2732
2733
1775
531
3290
227
2210
2729
2728
2851
2852
2046
2044
2106
1991
2862
2863
559
2865
2866
2868
688
399
2056
2058
1960
2873
2871
2870
2874
692
367
4759
4753
2202
2735
2736
2737
2730
2731
2732
2733
1775
531
3290
227
2210
2729
2728
2851
2852
2046
2044
2106
1991
2862
2863
559
2865
2866
2868
688
399
2056
2058
1960
2873
2871
2870
2874
692
367
4759
4753
2202
2735
2736
2737
2730
2731
2732
2733
1775
531
3290
227
2210
2729
2728
2851
2852
2046
2044
2106
1991
2862
2863
559
2865
2866
2868
688
399
2056
2058
1960
2873
2871
2870
2874
692
367
4759
4753
2202
2735
2736
2737
2730
2731
2732
2733
1775
531
3290
227
2210
2729
2728
2851
2852
2046
2044
2106
1991
2862
2863
559
2865
2866
2868
688
399
2056
2058
1960
2873
2871
2870
2874
692
367
4759
4753
2202
2735
2736
2737
2730
2731
2732
2733
1775
531
3290
227
2210
2729
2728
2851
2852
2046
2044
2106
1991
2862
2863
559
2865
2866
2868
688
399
2056
2058
1960
2873
2871
2870
2874
692
367
4759
4753
2202
2735
2736
2737
2730
2731
2732
2733
1775
531
3290
227
2210
2729
2728
2851
2852
2046
2044
2106
1991
2862
2863
559
2865
2866
2868
688
399
2056
2058
1960
2873
2871
2870
2874
692
367
4759
4753
2202
2735
2736
2737
2730
2731
2732
2733
1775
531
3290
227
2210
2729
2728
2851
2852
2046
2044
2106
1991
2862
2863
559
2865
2866
2868
688
399
2056
2058
1960
2873
2871
2870
2874
692
367
4759
4753
2202
2735
2736
2737
2730
2731
2732
2733
1775
531
3290
227
2210
2729
2728
2851
2852
2046
2044
2106
1991
2862
2863
559
2865
2866
2868
688
399
2056
2058
1960
2873
2871
2870
2874
692
367
4759
4753
2202
2735
2736
2737
2730
2731
2732
2733
1775
531
3290
227
2210
2729
2728
2851
2852
2046
2044
2106
1991
2862
2863
559
2865
2866
2868
688
399
2056
2058
1960
2873
2871
2870
2874
692
367
4759
4753
2202
2735
2736
2737
2730
2731
2732
2733
1775
531
3290
227
2210
2729
2728
2851
2852
2046
2044
2106
1991
2862
2863
559
2865
2866
2868
688
399
2056
2058
1960
2873
2871
2870
2874
692
367
4759
4753
2202
2735
2736
2737
2730
2731
2732
2733
1775
531
3290
227
2210
2729
2728
2851
2852
