3207
3202
1875
683
5732
2050
4538
4539
4537
4532
5443
5441
5440
5446
1781
1774
1849
1848
1840
1814
1815
1816
1817
1810
1818
808
802
805
1775
1778
857
851
4297
3474
1800
5436
811
813
3206
5437
3207
3202
1875
683
5732
2050
4538
4539
4537
4532
5443
5441
5440
5446
1781
1774
1849
1848
1840
1814
1815
1816
1817
1810
1818
808
802
805
1775
1778
857
851
4297
3474
1800
5436
811
813
3206
5437
3207
3202
1875
683
5732
2050
4538
4539
4537
4532
5443
5441
5440
5446
1781
1774
1849
1848
1840
1814
1815
1816
1817
1810
1818
808
802
805
1775
1778
857
851
4297
3474
1800
5436
811
813
3206
5437
3207
3202
1875
683
5732
2050
4538
4539
4537
4532
5443
5441
5440
5446
1781
1774
1849
1848
1840
1814
1815
1816
1817
1810
1818
808
802
805
1775
1778
857
851
4297
3474
1800
5436
811
813
3206
5437
3207
3202
1875
683
5732
2050
4538
4539
4537
4532
5443
5441
5440
5446
1781
1774
1849
1848
1840
1814
1815
1816
1817
1810
1818
808
802
805
1775
1778
857
851
4297
3474
1800
5436
811
813
3206
5437
3207
3202
1875
683
5732
2050
4538
4539
4537
4532
5443
5441
5440
5446
1781
1774
1849
1848
1840
1814
1815
1816
1817
1810
1818
808
802
805
1775
1778
857
851
4297
3474
1800
5436
811
813
3206
5437
3207
3202
1875
683
5732
2050
4538
4539
4537
4532
5443
5441
5440
5446
1781
1774
1849
1848
1840
1814
1815
1816
1817
1810
1818
808
802
805
1775
1778
857
851
4297
3474
1800
5436
811
813
3206
5437
3207
3202
1875
683
5732
2050
4538
4539
4537
4532
5443
5441
5440
5446
1781
1774
1849
1848
1840
1814
1815
1816
1817
1810
1818
808
802
805
1775
1778
857
851
4297
3474
1800
5436
811
813
3206
5437
3207
3202
1875
683
5732
2050
4538
4539
4537
4532
5443
5441
5440
5446
1781
1774
1849
1848
1840
1814
1815
1816
1817
1810
1818
808
802
805
1775
1778
857
851
4297
3474
1800
5436
811
813
3206
5437
3207
3202
1875
683
5732
2050
4538
4539
4537
4532
5443
5441
5440
5446
1781
1774
1849
1848
1840
1814
1815
1816
1817
1810
1818
808
802
805
1775
1778
857
851
4297
3474
1800
5436
811
813
3206
5437
3207
3202
1875
683
5732
2050
4538
4539
4537
4532
5443
5441
5440
5446
1781
1774
1849
1848
1840
1814
1815
1816
1817
1810
1818
808
802
805
1775
1778
857
851
4297
3474
1800
5436
811
813
3206
5437
3207
3202
1875
683
5732
2050
4538
4539
4537
4532
5443
5441
5440
5446
1781
1774
1849
1848
1840
1814
1815
1816
1817
1810
1818
808
802
805
1775
1778
857
851
4297
3474
1800
5436
811
813
3206
5437
3207
3202
1875
683
5732
2050
4538
4539
4537
4532
5443
5441
5440
5446
1781
1774
1849
1848
1840
1814
1815
1816
1817
1810
1818
808
802
805
1775
1778
857
851
4297
3474
1800
5436
811
813
3206
5437
3207
3202
1875
683
5732
2050
4538
4539
4537
4532
5443
5441
5440
5446
1781
1774
1849
1848
1840
1814
1815
1816
1817
1810
1818
808
802
805
1775
1778
857
851
4297
3474
1800
5436
811
813
3206
5437
3207
3202
1875
683
5732
2050
4538
4539
4537
4532
5443
5441
5440
5446
1781
1774
1849
1848
1840
1814
1815
1816
1817
1810
1818
808
802
805
1775
1778
857
851
4297
3474
1800
5436
811
813
3206
5437
3207
3202
1875
683
5732
2050
4538
4539
4537
4532
5443
5441
5440
5446
1781
1774
1849
1848
1840
1814
1815
1816
1817
1810
1818
808
802
805
1775
1778
857
851
4297
3474
1800
5436
811
813
3206
5437
3207
3202
1875
683
5732
2050
4538
4539
4537
4532
5443
5441
5440
5446
1781
1774
1849
1848
1840
1814
1815
1816
1817
1810
1818
808
802
805
1775
1778
857
851
4297
3474
1800
5436
811
813
3206
5437
3207
3202
1875
683
5732
2050
4538
4539
4537
4532
5443
5441
5440
5446
1781
1774
1849
1848
1840
1814
1815
1816
1817
1810
1818
808
802
805
1775
1778
857
851
4297
3474
1800
5436
811
813
3206
5437
3207
3202
1875
683
5732
2050
4538
4539
4537
4532
5443
5441
5440
5446
1781
1774
1849
1848
1840
1814
1815
1816
1817
1810
1818
808
802
805
1775
1778
857
851
4297
3474
1800
5436
811
813
3206
5437
3207
3202
1875
683
5732
2050
4538
4539
4537
4532
5443
5441
5440
5446
1781
1774
1849
1848
1840
1814
1815
1816
1817
1810
1818
808
802
805
1775
1778
857
851
4297
3474
1800
5436
811
813
3206
5437
3207
3202
1875
683
5732
2050
4538
4539
4537
4532
5443
5441
5440
5446
1781
1774
1849
1848
1840
1814
1815
1816
1817
1810
1818
808
802
805
1775
1778
857
851
4297
3474
1800
5436
811
813
3206
5437
3207
3202
1875
683
5732
2050
4538
4539
4537
4532
5443
5441
5440
5446
1781
1774
1849
1848
1840
1814
1815
1816
1817
1810
1818
808
802
805
1775
1778
857
851
4297
3474
1800
5436
811
813
3206
5437
3207
3202
1875
683
5732
2050
4538
4539
4537
4532
5443
5441
5440
5446
1781
1774
1849
1848
1840
1814
1815
1816
1817
1810
1818
808
802
805
1775
1778
857
851
4297
3474
1800
5436
811
813
3206
5437
3207
3202
1875
683
5732
2050
4538
4539
4537
4532
5443
5441
5440
5446
1781
1774
1849
1848
1840
1814
1815
1816
1817
1810
1818
808
802
805
1775
1778
857
851
4297
3474
1800
5436
811
813
3206
5437
3207
3202
1875
683
5732
2050
4538
4539
4537
4532
5443
5441
5440
5446
1781
1774
1849
1848
1840
1814
1815
1816
1817
1810
1818
808
802
805
1775
1778
857
851
4297
3474
1800
5436
811
813
3206
5437
3207
3202
1875
683
5732
2050
4538
4539
4537
4532
5443
5441
5440
5446
1781
1774
1849
1848
1840
1814
1815
1816
1817
1810
1818
808
802
805
1775
1778
857
851
4297
3474
1800
5436
811
813
3206
5437
3207
3202
1875
683
5732
2050
4538
4539
4537
4532
5443
5441
5440
5446
1781
1774
1849
1848
1840
1814
1815
1816
1817
1810
1818
808
802
805
1775
1778
857
851
4297
3474
1800
5436
811
813
3206
5437
3207
3202
1875
683
5732
2050
4538
4539
4537
4532
5443
5441
5440
5446
1781
1774
1849
1848
1840
1814
1815
1816
1817
1810
1818
808
802
805
1775
1778
857
851
4297
3474
1800
5436
811
813
3206
5437
3207
3202
1875
683
5732
2050
4538
4539
4537
4532
5443
5441
5440
5446
1781
1774
1849
1848
1840
1814
1815
1816
1817
1810
1818
808
802
805
1775
1778
857
851
4297
3474
1800
5436
811
813
3206
5437
3207
3202
1875
683
5732
2050
4538
4539
4537
4532
5443
5441
5440
5446
1781
1774
1849
1848
1840
1814
1815
1816
1817
1810
1818
808
802
805
1775
1778
857
851
4297
3474
1800
5436
811
813
3206
5437
3207
3202
1875
683
5732
2050
4538
4539
4537
4532
5443
5441
5440
5446
1781
1774
1849
1848
1840
1814
1815
1816
1817
1810
1818
808
802
805
1775
1778
857
851
4297
3474
1800
5436
811
813
3206
5437
3207
3202
1875
683
5732
2050
4538
4539
4537
4532
5443
5441
5440
5446
1781
1774
1849
1848
1840
1814
1815
1816
1817
1810
1818
808
802
805
1775
1778
857
851
4297
3474
1800
5436
811
813
3206
5437
3207
3202
1875
683
5732
2050
4538
4539
4537
4532
5443
5441
5440
5446
1781
1774
1849
1848
1840
1814
1815
1816
1817
1810
1818
808
802
805
1775
1778
857
851
4297
3474
1800
5436
811
813
3206
5437
3207
3202
1875
683
5732
2050
4538
4539
4537
4532
5443
5441
5440
5446
1781
1774
1849
1848
1840
1814
1815
1816
1817
1810
1818
808
802
805
1775
1778
857
851
4297
3474
1800
5436
811
813
3206
5437
3207
3202
1875
683
5732
2050
4538
4539
4537
4532
5443
5441
5440
5446
1781
1774
1849
1848
1840
1814
1815
1816
1817
1810
1818
808
802
805
1775
1778
857
851
4297
3474
1800
5436
811
813
3206
5437
3207
3202
1875
683
5732
2050
4538
4539
4537
4532
5443
5441
5440
5446
1781
1774
1849
1848
1840
1814
1815
1816
1817
1810
1818
808
802
805
1775
1778
857
851
4297
3474
1800
5436
811
813
3206
5437
3207
3202
1875
683
5732
2050
4538
4539
4537
4532
5443
5441
5440
5446
1781
1774
1849
1848
1840
1814
1815
1816
1817
1810
1818
808
802
805
1775
1778
857
851
4297
3474
1800
5436
811
813
3206
5437
3207
3202
1875
683
5732
2050
4538
4539
4537
4532
5443
5441
5440
5446
1781
1774
1849
1848
1840
1814
1815
1816
1817
1810
1818
808
802
805
1775
1778
857
851
4297
3474
1800
5436
811
813
3206
5437
3207
3202
1875
683
5732
2050
4538
4539
4537
4532
5443
5441
5440
5446
1781
1774
1849
1848
1840
1814
1815
1816
1817
1810
1818
808
802
805
1775
1778
857
851
4297
3474
1800
5436
811
813
3206
5437
3207
3202
1875
683
5732
2050
4538
4539
4537
4532
5443
5441
5440
5446
1781
1774
1849
1848
1840
1814
1815
1816
1817
1810
1818
808
802
805
1775
1778
857
851
4297
3474
1800
5436
811
813
3206
5437
3207
3202
1875
683
5732
2050
4538
4539
4537
4532
5443
5441
5440
5446
1781
1774
1849
1848
1840
1814
1815
1816
1817
1810
1818
808
802
805
1775
1778
857
851
4297
3474
1800
5436
811
813
3206
5437
3207
3202
1875
683
5732
2050
4538
4539
4537
4532
5443
5441
5440
5446
1781
1774
1849
1848
1840
1814
1815
1816
1817
1810
1818
808
802
805
1775
1778
857
851
4297
3474
1800
5436
811
813
3206
5437
3207
3202
1875
683
5732
2050
4538
4539
4537
4532
5443
5441
5440
5446
1781
1774
1849
1848
1840
1814
1815
1816
1817
1810
1818
808
802
805
1775
1778
857
851
4297
3474
1800
5436
811
813
3206
5437
3207
3202
1875
683
5732
2050
4538
4539
4537
4532
5443
5441
5440
5446
1781
1774
1849
1848
1840
1814
1815
1816
1817
1810
1818
808
802
805
1775
1778
857
851
4297
3474
1800
5436
811
813
3206
5437
3207
3202
1875
683
5732
2050
4538
4539
4537
4532
5443
5441
5440
5446
1781
1774
1849
1848
1840
1814
1815
1816
1817
1810
1818
808
802
805
1775
1778
857
851
4297
3474
1800
5436
811
813
3206
5437
3207
3202
1875
683
5732
2050
4538
4539
4537
4532
5443
5441
5440
5446
1781
1774
1849
1848
1840
1814
1815
1816
1817
1810
1818
808
802
805
1775
1778
857
851
4297
3474
1800
5436
811
813
3206
5437
3207
3202
1875
683
5732
2050
4538
4539
4537
4532
5443
5441
5440
5446
1781
1774
1849
1848
1840
1814
1815
1816
1817
1810
1818
808
802
805
1775
1778
857
851
4297
3474
1800
5436
811
813
3206
5437
3207
3202
1875
683
5732
2050
4538
4539
4537
4532
5443
5441
5440
5446
1781
1774
1849
1848
1840
1814
1815
1816
1817
1810
1818
808
802
805
1775
1778
857
851
4297
3474
1800
5436
811
813
3206
5437
3207
3202
1875
683
5732
2050
4538
4539
4537
4532
5443
5441
5440
5446
1781
1774
1849
1848
1840
1814
1815
1816
1817
1810
1818
808
802
805
1775
1778
857
851
4297
3474
1800
5436
811
813
3206
5437
3207
3202
1875
683
5732
2050
4538
4539
4537
4532
5443
5441
5440
5446
1781
1774
1849
1848
1840
1814
1815
1816
1817
1810
1818
808
802
805
1775
1778
857
851
4297
3474
1800
5436
811
813
3206
5437
