11
2
108
75
115
17
113
182
1
53
11
2
108
75
115
17
113
182
1
53
11
2
108
75
115
17
113
182
1
53
11
2
108
75
115
17
113
182
1
53
11
2
108
75
115
17
113
182
1
53
11
2
108
75
115
17
113
182
1
53
11
2
108
75
115
17
113
182
1
53
11
2
108
75
115
17
113
182
1
53
11
2
108
75
115
17
113
182
1
53
11
2
108
75
115
17
113
182
1
53
11
2
108
75
115
17
113
182
1
53
11
2
108
75
115
17
113
182
1
53
11
2
108
75
115
17
113
182
1
53
11
2
108
75
115
17
113
182
1
53
11
2
108
75
115
17
113
182
1
53
11
2
108
75
115
17
113
182
1
53
11
2
108
75
115
17
113
182
1
53
11
2
108
75
115
17
113
182
1
53
11
2
108
75
115
17
113
182
1
53
11
2
108
75
115
17
113
182
1
53
11
2
108
75
115
17
113
182
1
53
11
2
108
75
115
17
113
182
1
53
11
2
108
75
115
17
113
182
1
53
11
2
108
75
115
17
113
182
1
53
11
2
108
75
115
17
113
182
1
53
11
2
108
75
115
17
113
182
1
53
11
2
108
75
115
17
113
182
1
53
11
2
108
75
115
17
113
182
1
53
11
2
108
75
115
17
113
182
1
53
11
2
108
75
115
17
113
182
1
53
11
2
108
75
115
17
113
182
1
53
11
2
108
75
115
17
113
182
1
53
11
2
108
75
115
17
113
182
1
53
11
2
108
75
115
17
113
182
1
53
11
2
108
75
115
17
113
182
1
53
11
2
108
75
115
17
113
182
1
53
11
2
108
75
115
17
113
182
1
53
11
2
108
75
115
17
113
182
1
53
11
2
108
75
115
17
113
182
1
53
11
2
108
75
115
17
113
182
1
53
11
2
108
75
115
17
113
182
1
53
11
2
108
75
115
17
113
182
1
53
11
2
108
75
115
17
113
182
1
53
11
2
108
75
115
17
113
182
1
53
11
2
108
75
115
17
113
182
1
53
11
2
108
75
115
17
113
182
1
53
11
2
108
75
115
17
113
182
1
53
11
2
108
75
115
17
113
182
1
53
11
2
108
75
115
17
113
182
1
53
11
2
108
75
115
17
113
182
1
53
