74
111
38
15
28
112
19
204
1
9
74
111
38
15
28
112
19
204
1
9
74
111
38
15
28
112
19
204
1
9
74
111
38
15
28
112
19
204
1
9
74
111
38
15
28
112
19
204
1
9
74
111
38
15
28
112
19
204
1
9
74
111
38
15
28
112
19
204
1
9
74
111
38
15
28
112
19
204
1
9
74
111
38
15
28
112
19
204
1
9
74
111
38
15
28
112
19
204
1
9
74
111
38
15
28
112
19
204
1
9
74
111
38
15
28
112
19
204
1
9
74
111
38
15
28
112
19
204
1
9
74
111
38
15
28
112
19
204
1
9
74
111
38
15
28
112
19
204
1
9
74
111
38
15
28
112
19
204
1
9
74
111
38
15
28
112
19
204
1
9
74
111
38
15
28
112
19
204
1
9
74
111
38
15
28
112
19
204
1
9
74
111
38
15
28
112
19
204
1
9
74
111
38
15
28
112
19
204
1
9
74
111
38
15
28
112
19
204
1
9
74
111
38
15
28
112
19
204
1
9
74
111
38
15
28
112
19
204
1
9
74
111
38
15
28
112
19
204
1
9
74
111
38
15
28
112
19
204
1
9
74
111
38
15
28
112
19
204
1
9
74
111
38
15
28
112
19
204
1
9
74
111
38
15
28
112
19
204
1
9
74
111
38
15
28
112
19
204
1
9
74
111
38
15
28
112
19
204
1
9
74
111
38
15
28
112
19
204
1
9
74
111
38
15
28
112
19
204
1
9
74
111
38
15
28
112
19
204
1
9
74
111
38
15
28
112
19
204
1
9
74
111
38
15
28
112
19
204
1
9
74
111
38
15
28
112
19
204
1
9
74
111
38
15
28
112
19
204
1
9
74
111
38
15
28
112
19
204
1
9
74
111
38
15
28
112
19
204
1
9
74
111
38
15
28
112
19
204
1
9
74
111
38
15
28
112
19
204
1
9
74
111
38
15
28
112
19
204
1
9
74
111
38
15
28
112
19
204
1
9
74
111
38
15
28
112
19
204
1
9
74
111
38
15
28
112
19
204
1
9
74
111
38
15
28
112
19
204
1
9
74
111
38
15
28
112
19
204
1
9
74
111
38
15
28
112
19
204
1
9
74
111
38
15
28
112
19
204
1
9
