3
189
165
9
6
93
87
101
130
50
3
189
165
9
6
93
87
101
130
50
3
189
165
9
6
93
87
101
130
50
3
189
165
9
6
93
87
101
130
50
3
189
165
9
6
93
87
101
130
50
3
189
165
9
6
93
87
101
130
50
3
189
165
9
6
93
87
101
130
50
3
189
165
9
6
93
87
101
130
50
3
189
165
9
6
93
87
101
130
50
3
189
165
9
6
93
87
101
130
50
3
189
165
9
6
93
87
101
130
50
3
189
165
9
6
93
87
101
130
50
3
189
165
9
6
93
87
101
130
50
3
189
165
9
6
93
87
101
130
50
3
189
165
9
6
93
87
101
130
50
3
189
165
9
6
93
87
101
130
50
3
189
165
9
6
93
87
101
130
50
3
189
165
9
6
93
87
101
130
50
3
189
165
9
6
93
87
101
130
50
3
189
165
9
6
93
87
101
130
50
3
189
165
9
6
93
87
101
130
50
3
189
165
9
6
93
87
101
130
50
3
189
165
9
6
93
87
101
130
50
3
189
165
9
6
93
87
101
130
50
3
189
165
9
6
93
87
101
130
50
3
189
165
9
6
93
87
101
130
50
3
189
165
9
6
93
87
101
130
50
3
189
165
9
6
93
87
101
130
50
3
189
165
9
6
93
87
101
130
50
3
189
165
9
6
93
87
101
130
50
3
189
165
9
6
93
87
101
130
50
3
189
165
9
6
93
87
101
130
50
3
189
165
9
6
93
87
101
130
50
3
189
165
9
6
93
87
101
130
50
3
189
165
9
6
93
87
101
130
50
3
189
165
9
6
93
87
101
130
50
3
189
165
9
6
93
87
101
130
50
3
189
165
9
6
93
87
101
130
50
3
189
165
9
6
93
87
101
130
50
3
189
165
9
6
93
87
101
130
50
3
189
165
9
6
93
87
101
130
50
3
189
165
9
6
93
87
101
130
50
3
189
165
9
6
93
87
101
130
50
3
189
165
9
6
93
87
101
130
50
3
189
165
9
6
93
87
101
130
50
3
189
165
9
6
93
87
101
130
50
3
189
165
9
6
93
87
101
130
50
3
189
165
9
6
93
87
101
130
50
3
189
165
9
6
93
87
101
130
50
3
189
165
9
6
93
87
101
130
50
