70
1
39
77
87
75
90
25
96
23
88
215
130
125
69
70
1
39
77
87
75
90
25
96
23
88
215
130
125
69
70
1
39
77
87
75
90
25
96
23
88
215
130
125
69
70
1
39
77
87
75
90
25
96
23
88
215
130
125
69
70
1
39
77
87
75
90
25
96
23
88
215
130
125
69
70
1
39
77
87
75
90
25
96
23
88
215
130
125
69
70
1
39
77
87
75
90
25
96
23
88
215
130
125
69
70
1
39
77
87
75
90
25
96
23
88
215
130
125
69
70
1
39
77
87
75
90
25
96
23
88
215
130
125
69
70
1
39
77
87
75
90
25
96
23
88
215
130
125
69
70
1
39
77
87
75
90
25
96
23
88
215
130
125
69
70
1
39
77
87
75
90
25
96
23
88
215
130
125
69
70
1
39
77
87
75
90
25
96
23
88
215
130
125
69
70
1
39
77
87
75
90
25
96
23
88
215
130
125
69
70
1
39
77
87
75
90
25
96
23
88
215
130
125
69
70
1
39
77
87
75
90
25
96
23
88
215
130
125
69
70
1
39
77
87
75
90
25
96
23
88
215
130
125
69
70
1
39
77
87
75
90
25
96
23
88
215
130
125
69
70
1
39
77
87
75
90
25
96
23
88
215
130
125
69
70
1
39
77
87
75
90
25
96
23
88
215
130
125
69
70
1
39
77
87
75
90
25
96
23
88
215
130
125
69
70
1
39
77
87
75
90
25
96
23
88
215
130
125
69
70
1
39
77
87
75
90
25
96
23
88
215
130
125
69
70
1
39
77
87
75
90
25
96
23
88
215
130
125
69
70
1
39
77
87
75
90
25
96
23
88
215
130
125
69
70
1
39
77
87
75
90
25
96
23
88
215
130
125
69
70
1
39
77
87
75
90
25
96
23
88
215
130
125
69
70
1
39
77
87
75
90
25
96
23
88
215
130
125
69
70
1
39
77
87
75
90
25
96
23
88
215
130
125
69
70
1
39
77
87
75
90
25
96
23
88
215
130
125
69
70
1
39
77
87
75
90
25
96
23
88
215
130
125
69
70
1
39
77
87
75
90
25
96
23
88
215
130
125
69
70
1
39
77
87
75
90
25
96
23
88
215
130
125
69
70
1
39
77
87
75
90
25
96
23
88
215
130
125
69
70
1
39
77
87
75
90
25
96
23
88
215
130
125
69
70
1
39
77
87
75
90
25
96
23
88
215
130
125
69
70
1
39
77
87
75
90
25
96
23
88
215
130
125
69
70
1
39
77
87
75
90
25
96
23
88
215
130
125
69
70
1
39
77
87
75
90
25
96
23
88
215
130
125
69
70
1
39
77
87
75
90
25
96
23
88
215
130
125
69
70
1
39
77
87
75
90
25
96
23
88
215
130
125
69
70
1
39
77
87
75
90
25
96
23
88
215
130
125
69
70
1
39
77
87
75
90
25
96
23
88
215
130
125
69
70
1
39
77
87
75
90
25
96
23
88
215
130
125
69
70
1
39
77
87
75
90
25
96
23
88
215
130
125
69
70
1
39
77
87
75
90
25
96
23
88
215
130
125
69
70
1
39
77
87
75
90
25
96
23
88
215
130
125
69
70
1
39
77
87
75
90
25
96
23
88
215
130
125
69
70
1
39
77
87
75
90
25
96
23
88
215
130
125
69
70
1
39
77
87
75
90
25
96
23
88
215
130
125
69
