18
2
122
66
128
44
7
106
82
30
18
2
122
66
128
44
7
106
82
30
18
2
122
66
128
44
7
106
82
30
18
2
122
66
128
44
7
106
82
30
18
2
122
66
128
44
7
106
82
30
18
2
122
66
128
44
7
106
82
30
18
2
122
66
128
44
7
106
82
30
18
2
122
66
128
44
7
106
82
30
18
2
122
66
128
44
7
106
82
30
18
2
122
66
128
44
7
106
82
30
18
2
122
66
128
44
7
106
82
30
18
2
122
66
128
44
7
106
82
30
18
2
122
66
128
44
7
106
82
30
18
2
122
66
128
44
7
106
82
30
18
2
122
66
128
44
7
106
82
30
18
2
122
66
128
44
7
106
82
30
18
2
122
66
128
44
7
106
82
30
18
2
122
66
128
44
7
106
82
30
18
2
122
66
128
44
7
106
82
30
18
2
122
66
128
44
7
106
82
30
18
2
122
66
128
44
7
106
82
30
18
2
122
66
128
44
7
106
82
30
18
2
122
66
128
44
7
106
82
30
18
2
122
66
128
44
7
106
82
30
18
2
122
66
128
44
7
106
82
30
18
2
122
66
128
44
7
106
82
30
18
2
122
66
128
44
7
106
82
30
18
2
122
66
128
44
7
106
82
30
18
2
122
66
128
44
7
106
82
30
18
2
122
66
128
44
7
106
82
30
18
2
122
66
128
44
7
106
82
30
18
2
122
66
128
44
7
106
82
30
18
2
122
66
128
44
7
106
82
30
18
2
122
66
128
44
7
106
82
30
18
2
122
66
128
44
7
106
82
30
18
2
122
66
128
44
7
106
82
30
18
2
122
66
128
44
7
106
82
30
18
2
122
66
128
44
7
106
82
30
18
2
122
66
128
44
7
106
82
30
18
2
122
66
128
44
7
106
82
30
18
2
122
66
128
44
7
106
82
30
18
2
122
66
128
44
7
106
82
30
18
2
122
66
128
44
7
106
82
30
18
2
122
66
128
44
7
106
82
30
18
2
122
66
128
44
7
106
82
30
18
2
122
66
128
44
7
106
82
30
18
2
122
66
128
44
7
106
82
30
18
2
122
66
128
44
7
106
82
30
18
2
122
66
128
44
7
106
82
30
18
2
122
66
128
44
7
106
82
30
