24
49
51
50
67
52
56
132
6
137
24
49
51
50
67
52
56
132
6
137
24
49
51
50
67
52
56
132
6
137
24
49
51
50
67
52
56
132
6
137
24
49
51
50
67
52
56
132
6
137
24
49
51
50
67
52
56
132
6
137
24
49
51
50
67
52
56
132
6
137
24
49
51
50
67
52
56
132
6
137
24
49
51
50
67
52
56
132
6
137
24
49
51
50
67
52
56
132
6
137
24
49
51
50
67
52
56
132
6
137
24
49
51
50
67
52
56
132
6
137
24
49
51
50
67
52
56
132
6
137
24
49
51
50
67
52
56
132
6
137
24
49
51
50
67
52
56
132
6
137
24
49
51
50
67
52
56
132
6
137
24
49
51
50
67
52
56
132
6
137
24
49
51
50
67
52
56
132
6
137
24
49
51
50
67
52
56
132
6
137
24
49
51
50
67
52
56
132
6
137
24
49
51
50
67
52
56
132
6
137
24
49
51
50
67
52
56
132
6
137
24
49
51
50
67
52
56
132
6
137
24
49
51
50
67
52
56
132
6
137
24
49
51
50
67
52
56
132
6
137
24
49
51
50
67
52
56
132
6
137
24
49
51
50
67
52
56
132
6
137
24
49
51
50
67
52
56
132
6
137
24
49
51
50
67
52
56
132
6
137
24
49
51
50
67
52
56
132
6
137
24
49
51
50
67
52
56
132
6
137
24
49
51
50
67
52
56
132
6
137
24
49
51
50
67
52
56
132
6
137
24
49
51
50
67
52
56
132
6
137
24
49
51
50
67
52
56
132
6
137
24
49
51
50
67
52
56
132
6
137
24
49
51
50
67
52
56
132
6
137
24
49
51
50
67
52
56
132
6
137
24
49
51
50
67
52
56
132
6
137
24
49
51
50
67
52
56
132
6
137
24
49
51
50
67
52
56
132
6
137
24
49
51
50
67
52
56
132
6
137
24
49
51
50
67
52
56
132
6
137
24
49
51
50
67
52
56
132
6
137
24
49
51
50
67
52
56
132
6
137
24
49
51
50
67
52
56
132
6
137
24
49
51
50
67
52
56
132
6
137
24
49
51
50
67
52
56
132
6
137
24
49
51
50
67
52
56
132
6
137
24
49
51
50
67
52
56
132
6
137
