18
5
30
83
29
18
5
30
83
29
18
5
30
83
29
18
5
30
83
29
18
5
30
83
29
18
5
30
83
29
18
5
30
83
29
18
5
30
83
29
18
5
30
83
29
18
5
30
83
29
18
5
30
83
29
18
5
30
83
29
18
5
30
83
29
18
5
30
83
29
18
5
30
83
29
18
5
30
83
29
18
5
30
83
29
18
5
30
83
29
18
5
30
83
29
18
5
30
83
29
18
5
30
83
29
18
5
30
83
29
18
5
30
83
29
18
5
30
83
29
18
5
30
83
29
18
5
30
83
29
18
5
30
83
29
18
5
30
83
29
18
5
30
83
29
18
5
30
83
29
18
5
30
83
29
18
5
30
83
29
18
5
30
83
29
18
5
30
83
29
18
5
30
83
29
18
5
30
83
29
18
5
30
83
29
18
5
30
83
29
18
5
30
83
29
18
5
30
83
29
18
5
30
83
29
18
5
30
83
29
18
5
30
83
29
18
5
30
83
29
18
5
30
83
29
18
5
30
83
29
18
5
30
83
29
18
5
30
83
29
18
5
30
83
29
18
5
30
83
29
