477
27
279
453
397
313
328
284
25
479
97
480
29
276
121
32
561
387
966
24
76
78
525
115
281
663
59
392
94
82
1966
179
474
81
614
477
27
279
453
397
313
328
284
25
479
97
480
29
276
121
32
561
387
966
24
76
78
525
115
281
663
59
392
94
82
1966
179
474
81
614
477
27
279
453
397
313
328
284
25
479
97
480
29
276
121
32
561
387
966
24
76
78
525
115
281
663
59
392
94
82
1966
179
474
81
614
477
27
279
453
397
313
328
284
25
479
97
480
29
276
121
32
561
387
966
24
76
78
525
115
281
663
59
392
94
82
1966
179
474
81
614
477
27
279
453
397
313
328
284
25
479
97
480
29
276
121
32
561
387
966
24
76
78
525
115
281
663
59
392
94
82
1966
179
474
81
614
477
27
279
453
397
313
328
284
25
479
97
480
29
276
121
32
561
387
966
24
76
78
525
115
281
663
59
392
94
82
1966
179
474
81
614
477
27
279
453
397
313
328
284
25
479
97
480
29
276
121
32
561
387
966
24
76
78
525
115
281
663
59
392
94
82
1966
179
474
81
614
477
27
279
453
397
313
328
284
25
479
97
480
29
276
121
32
561
387
966
24
76
78
525
115
281
663
59
392
94
82
1966
179
474
81
614
477
27
279
453
397
313
328
284
25
479
97
480
29
276
121
32
561
387
966
24
76
78
525
115
281
663
59
392
94
82
1966
179
474
81
614
477
27
279
453
397
313
328
284
25
479
97
480
29
276
121
32
561
387
966
24
76
78
525
115
281
663
59
392
94
82
1966
179
474
81
614
477
27
279
453
397
313
328
284
25
479
97
480
29
276
121
32
561
387
966
24
76
78
525
115
281
663
59
392
94
82
1966
179
474
81
614
477
27
279
453
397
313
328
284
25
479
97
480
29
276
121
32
561
387
966
24
76
78
525
115
281
663
59
392
94
82
1966
179
474
81
614
477
27
279
453
397
313
328
284
25
479
97
480
29
276
121
32
561
387
966
24
76
78
525
115
281
663
59
392
94
82
1966
179
474
81
614
477
27
279
453
397
313
328
284
25
479
97
480
29
276
121
32
561
387
966
24
76
78
525
115
281
663
59
392
94
82
1966
179
474
81
614
477
27
279
453
397
313
328
284
25
479
97
480
29
276
121
32
561
387
966
24
76
78
525
115
281
663
59
392
94
82
1966
179
474
81
614
477
27
279
453
397
313
328
284
25
479
97
480
29
276
121
32
561
387
966
24
76
78
525
115
281
663
59
392
94
82
1966
179
474
81
614
477
27
279
453
397
313
328
284
25
479
97
480
29
276
121
32
561
387
966
24
76
78
525
115
281
663
59
392
94
82
1966
179
474
81
614
477
27
279
453
397
313
328
284
25
479
97
480
29
276
121
32
561
387
966
24
76
78
525
115
281
663
59
392
94
82
1966
179
474
81
614
477
27
279
453
397
313
328
284
25
479
97
480
29
276
121
32
561
387
966
24
76
78
525
115
281
663
59
392
94
82
1966
179
474
81
614
477
27
279
453
397
313
328
284
25
479
97
480
29
276
121
32
561
387
966
24
76
78
525
115
281
663
59
392
94
82
1966
179
474
81
614
477
27
279
453
397
313
328
284
25
479
97
480
29
276
121
32
561
387
966
24
76
78
525
115
281
663
59
392
94
82
1966
179
474
81
614
477
27
279
453
397
313
328
284
25
479
97
480
29
276
121
32
561
387
966
24
76
78
525
115
281
663
59
392
94
82
1966
179
474
81
614
477
27
279
453
397
313
328
284
25
479
97
480
29
276
121
32
561
387
966
24
76
78
525
115
281
663
59
392
94
82
1966
179
474
81
614
477
27
279
453
397
313
328
284
25
479
97
480
29
276
121
32
561
387
966
24
76
78
525
115
281
663
59
392
94
82
1966
179
474
81
614
477
27
279
453
397
313
328
284
25
479
97
480
29
276
121
32
561
387
966
24
76
78
525
115
281
663
59
392
94
82
1966
179
474
81
614
477
27
279
453
397
313
328
284
25
479
97
480
29
276
121
32
561
387
966
24
76
78
525
115
281
663
59
392
94
82
1966
179
474
81
614
477
27
279
453
397
313
328
284
25
479
97
480
29
276
121
32
561
387
966
24
76
78
525
115
281
663
59
392
94
82
1966
179
474
81
614
477
27
279
453
397
313
328
284
25
479
97
480
29
276
121
32
561
387
966
24
76
78
525
115
281
663
59
392
94
82
1966
179
474
81
614
477
27
279
453
397
313
328
284
25
479
97
480
29
276
121
32
561
387
966
24
76
78
525
115
281
663
59
392
94
82
1966
179
474
81
614
477
27
279
453
397
313
328
284
25
479
97
480
29
276
121
32
561
387
966
24
76
78
525
115
281
663
59
392
94
82
1966
179
474
81
614
477
27
279
453
397
313
328
284
25
479
97
480
29
276
121
32
561
387
966
24
76
78
525
115
281
663
59
392
94
82
1966
179
474
81
614
477
27
279
453
397
313
328
284
25
479
97
480
29
276
121
32
561
387
966
24
76
78
525
115
281
663
59
392
94
82
1966
179
474
81
614
477
27
279
453
397
313
328
284
25
479
97
480
29
276
121
32
561
387
966
24
76
78
525
115
281
663
59
392
94
82
1966
179
474
81
614
477
27
279
453
397
313
328
284
25
479
97
480
29
276
121
32
561
387
966
24
76
78
525
115
281
663
59
392
94
82
1966
179
474
81
614
477
27
279
453
397
313
328
284
25
479
97
480
29
276
121
32
561
387
966
24
76
78
525
115
281
663
59
392
94
82
1966
179
474
81
614
477
27
279
453
397
313
328
284
25
479
97
480
29
276
121
32
561
387
966
24
76
78
525
115
281
663
59
392
94
82
1966
179
474
81
614
477
27
279
453
397
313
328
284
25
479
97
480
29
276
121
32
561
387
966
24
76
78
525
115
281
663
59
392
94
82
1966
179
474
81
614
477
27
279
453
397
313
328
284
25
479
97
480
29
276
121
32
561
387
966
24
76
78
525
115
281
663
59
392
94
82
1966
179
474
81
614
477
27
279
453
397
313
328
284
25
479
97
480
29
276
121
32
561
387
966
24
76
78
525
115
281
663
59
392
94
82
1966
179
474
81
614
477
27
279
453
397
313
328
284
25
479
97
480
29
276
121
32
561
387
966
24
76
78
525
115
281
663
59
392
94
82
1966
179
474
81
614
477
27
279
453
397
313
328
284
25
479
97
480
29
276
121
32
561
387
966
24
76
78
525
115
281
663
59
392
94
82
1966
179
474
81
614
477
27
279
453
397
313
328
284
25
479
97
480
29
276
121
32
561
387
966
24
76
78
525
115
281
663
59
392
94
82
1966
179
474
81
614
477
27
279
453
397
313
328
284
25
479
97
480
29
276
121
32
561
387
966
24
76
78
525
115
281
663
59
392
94
82
1966
179
474
81
614
477
27
279
453
397
313
328
284
25
479
97
480
29
276
121
32
561
387
966
24
76
78
525
115
281
663
59
392
94
82
1966
179
474
81
614
477
27
279
453
397
313
328
284
25
479
97
480
29
276
121
32
561
387
966
24
76
78
525
115
281
663
59
392
94
82
1966
179
474
81
614
477
27
279
453
397
313
328
284
25
479
97
480
29
276
121
32
561
387
966
24
76
78
525
115
281
663
59
392
94
82
1966
179
474
81
614
477
27
279
453
397
313
328
284
25
479
97
480
29
276
121
32
561
387
966
24
76
78
525
115
281
663
59
392
94
82
1966
179
474
81
614
477
27
279
453
397
313
328
284
25
479
97
480
29
276
121
32
561
387
966
24
76
78
525
115
281
663
59
392
94
82
1966
179
474
81
614
477
27
279
453
397
313
328
284
25
479
97
480
29
276
121
32
561
387
966
24
76
78
525
115
281
663
59
392
94
82
1966
179
474
81
614
477
27
279
453
397
313
328
284
25
479
97
480
29
276
121
32
561
387
966
24
76
78
525
115
281
663
59
392
94
82
1966
179
474
81
614
