296
199
198
195
194
191
192
108
109
103
296
199
198
195
194
191
192
108
109
103
296
199
198
195
194
191
192
108
109
103
296
199
198
195
194
191
192
108
109
103
296
199
198
195
194
191
192
108
109
103
296
199
198
195
194
191
192
108
109
103
296
199
198
195
194
191
192
108
109
103
296
199
198
195
194
191
192
108
109
103
296
199
198
195
194
191
192
108
109
103
296
199
198
195
194
191
192
108
109
103
296
199
198
195
194
191
192
108
109
103
296
199
198
195
194
191
192
108
109
103
296
199
198
195
194
191
192
108
109
103
296
199
198
195
194
191
192
108
109
103
296
199
198
195
194
191
192
108
109
103
296
199
198
195
194
191
192
108
109
103
296
199
198
195
194
191
192
108
109
103
296
199
198
195
194
191
192
108
109
103
296
199
198
195
194
191
192
108
109
103
296
199
198
195
194
191
192
108
109
103
296
199
198
195
194
191
192
108
109
103
296
199
198
195
194
191
192
108
109
103
296
199
198
195
194
191
192
108
109
103
296
199
198
195
194
191
192
108
109
103
296
199
198
195
194
191
192
108
109
103
296
199
198
195
194
191
192
108
109
103
296
199
198
195
194
191
192
108
109
103
296
199
198
195
194
191
192
108
109
103
296
199
198
195
194
191
192
108
109
103
296
199
198
195
194
191
192
108
109
103
296
199
198
195
194
191
192
108
109
103
296
199
198
195
194
191
192
108
109
103
296
199
198
195
194
191
192
108
109
103
296
199
198
195
194
191
192
108
109
103
296
199
198
195
194
191
192
108
109
103
296
199
198
195
194
191
192
108
109
103
296
199
198
195
194
191
192
108
109
103
296
199
198
195
194
191
192
108
109
103
296
199
198
195
194
191
192
108
109
103
296
199
198
195
194
191
192
108
109
103
296
199
198
195
194
191
192
108
109
103
296
199
198
195
194
191
192
108
109
103
296
199
198
195
194
191
192
108
109
103
296
199
198
195
194
191
192
108
109
103
296
199
198
195
194
191
192
108
109
103
296
199
198
195
194
191
192
108
109
103
296
199
198
195
194
191
192
108
109
103
296
199
198
195
194
191
192
108
109
103
296
199
198
195
194
191
192
108
109
103
296
199
198
195
194
191
192
108
109
103
