108
103
106
38
36
234
1
144
133
132
108
103
106
38
36
234
1
144
133
132
108
103
106
38
36
234
1
144
133
132
108
103
106
38
36
234
1
144
133
132
108
103
106
38
36
234
1
144
133
132
108
103
106
38
36
234
1
144
133
132
108
103
106
38
36
234
1
144
133
132
108
103
106
38
36
234
1
144
133
132
108
103
106
38
36
234
1
144
133
132
108
103
106
38
36
234
1
144
133
132
108
103
106
38
36
234
1
144
133
132
108
103
106
38
36
234
1
144
133
132
108
103
106
38
36
234
1
144
133
132
108
103
106
38
36
234
1
144
133
132
108
103
106
38
36
234
1
144
133
132
108
103
106
38
36
234
1
144
133
132
108
103
106
38
36
234
1
144
133
132
108
103
106
38
36
234
1
144
133
132
108
103
106
38
36
234
1
144
133
132
108
103
106
38
36
234
1
144
133
132
108
103
106
38
36
234
1
144
133
132
108
103
106
38
36
234
1
144
133
132
108
103
106
38
36
234
1
144
133
132
108
103
106
38
36
234
1
144
133
132
108
103
106
38
36
234
1
144
133
132
108
103
106
38
36
234
1
144
133
132
108
103
106
38
36
234
1
144
133
132
108
103
106
38
36
234
1
144
133
132
108
103
106
38
36
234
1
144
133
132
108
103
106
38
36
234
1
144
133
132
108
103
106
38
36
234
1
144
133
132
108
103
106
38
36
234
1
144
133
132
108
103
106
38
36
234
1
144
133
132
108
103
106
38
36
234
1
144
133
132
108
103
106
38
36
234
1
144
133
132
108
103
106
38
36
234
1
144
133
132
108
103
106
38
36
234
1
144
133
132
108
103
106
38
36
234
1
144
133
132
108
103
106
38
36
234
1
144
133
132
108
103
106
38
36
234
1
144
133
132
108
103
106
38
36
234
1
144
133
132
108
103
106
38
36
234
1
144
133
132
108
103
106
38
36
234
1
144
133
132
108
103
106
38
36
234
1
144
133
132
108
103
106
38
36
234
1
144
133
132
108
103
106
38
36
234
1
144
133
132
108
103
106
38
36
234
1
144
133
132
108
103
106
38
36
234
1
144
133
132
108
103
106
38
36
234
1
144
133
132
108
103
106
38
36
234
1
144
133
132
