348
195
194
192
270
272
273
276
6
144
348
195
194
192
270
272
273
276
6
144
348
195
194
192
270
272
273
276
6
144
348
195
194
192
270
272
273
276
6
144
348
195
194
192
270
272
273
276
6
144
348
195
194
192
270
272
273
276
6
144
348
195
194
192
270
272
273
276
6
144
348
195
194
192
270
272
273
276
6
144
348
195
194
192
270
272
273
276
6
144
348
195
194
192
270
272
273
276
6
144
348
195
194
192
270
272
273
276
6
144
348
195
194
192
270
272
273
276
6
144
348
195
194
192
270
272
273
276
6
144
348
195
194
192
270
272
273
276
6
144
348
195
194
192
270
272
273
276
6
144
348
195
194
192
270
272
273
276
6
144
348
195
194
192
270
272
273
276
6
144
348
195
194
192
270
272
273
276
6
144
348
195
194
192
270
272
273
276
6
144
348
195
194
192
270
272
273
276
6
144
348
195
194
192
270
272
273
276
6
144
348
195
194
192
270
272
273
276
6
144
348
195
194
192
270
272
273
276
6
144
348
195
194
192
270
272
273
276
6
144
348
195
194
192
270
272
273
276
6
144
348
195
194
192
270
272
273
276
6
144
348
195
194
192
270
272
273
276
6
144
348
195
194
192
270
272
273
276
6
144
348
195
194
192
270
272
273
276
6
144
348
195
194
192
270
272
273
276
6
144
348
195
194
192
270
272
273
276
6
144
348
195
194
192
270
272
273
276
6
144
348
195
194
192
270
272
273
276
6
144
348
195
194
192
270
272
273
276
6
144
348
195
194
192
270
272
273
276
6
144
348
195
194
192
270
272
273
276
6
144
348
195
194
192
270
272
273
276
6
144
348
195
194
192
270
272
273
276
6
144
348
195
194
192
270
272
273
276
6
144
348
195
194
192
270
272
273
276
6
144
348
195
194
192
270
272
273
276
6
144
348
195
194
192
270
272
273
276
6
144
348
195
194
192
270
272
273
276
6
144
348
195
194
192
270
272
273
276
6
144
348
195
194
192
270
272
273
276
6
144
348
195
194
192
270
272
273
276
6
144
348
195
194
192
270
272
273
276
6
144
348
195
194
192
270
272
273
276
6
144
348
195
194
192
270
272
273
276
6
144
348
195
194
192
270
272
273
276
6
144
