39
31
30
331
239
234
230
231
232
140
39
31
30
331
239
234
230
231
232
140
39
31
30
331
239
234
230
231
232
140
39
31
30
331
239
234
230
231
232
140
39
31
30
331
239
234
230
231
232
140
39
31
30
331
239
234
230
231
232
140
39
31
30
331
239
234
230
231
232
140
39
31
30
331
239
234
230
231
232
140
39
31
30
331
239
234
230
231
232
140
39
31
30
331
239
234
230
231
232
140
39
31
30
331
239
234
230
231
232
140
39
31
30
331
239
234
230
231
232
140
39
31
30
331
239
234
230
231
232
140
39
31
30
331
239
234
230
231
232
140
39
31
30
331
239
234
230
231
232
140
39
31
30
331
239
234
230
231
232
140
39
31
30
331
239
234
230
231
232
140
39
31
30
331
239
234
230
231
232
140
39
31
30
331
239
234
230
231
232
140
39
31
30
331
239
234
230
231
232
140
39
31
30
331
239
234
230
231
232
140
39
31
30
331
239
234
230
231
232
140
39
31
30
331
239
234
230
231
232
140
39
31
30
331
239
234
230
231
232
140
39
31
30
331
239
234
230
231
232
140
39
31
30
331
239
234
230
231
232
140
39
31
30
331
239
234
230
231
232
140
39
31
30
331
239
234
230
231
232
140
39
31
30
331
239
234
230
231
232
140
39
31
30
331
239
234
230
231
232
140
39
31
30
331
239
234
230
231
232
140
39
31
30
331
239
234
230
231
232
140
39
31
30
331
239
234
230
231
232
140
39
31
30
331
239
234
230
231
232
140
39
31
30
331
239
234
230
231
232
140
39
31
30
331
239
234
230
231
232
140
39
31
30
331
239
234
230
231
232
140
39
31
30
331
239
234
230
231
232
140
39
31
30
331
239
234
230
231
232
140
39
31
30
331
239
234
230
231
232
140
39
31
30
331
239
234
230
231
232
140
39
31
30
331
239
234
230
231
232
140
39
31
30
331
239
234
230
231
232
140
39
31
30
331
239
234
230
231
232
140
39
31
30
331
239
234
230
231
232
140
39
31
30
331
239
234
230
231
232
140
39
31
30
331
239
234
230
231
232
140
39
31
30
331
239
234
230
231
232
140
39
31
30
331
239
234
230
231
232
140
39
31
30
331
239
234
230
231
232
140
