293
38
30
91
90
238
239
234
230
232
293
38
30
91
90
238
239
234
230
232
293
38
30
91
90
238
239
234
230
232
293
38
30
91
90
238
239
234
230
232
293
38
30
91
90
238
239
234
230
232
293
38
30
91
90
238
239
234
230
232
293
38
30
91
90
238
239
234
230
232
293
38
30
91
90
238
239
234
230
232
293
38
30
91
90
238
239
234
230
232
293
38
30
91
90
238
239
234
230
232
293
38
30
91
90
238
239
234
230
232
293
38
30
91
90
238
239
234
230
232
293
38
30
91
90
238
239
234
230
232
293
38
30
91
90
238
239
234
230
232
293
38
30
91
90
238
239
234
230
232
293
38
30
91
90
238
239
234
230
232
293
38
30
91
90
238
239
234
230
232
293
38
30
91
90
238
239
234
230
232
293
38
30
91
90
238
239
234
230
232
293
38
30
91
90
238
239
234
230
232
293
38
30
91
90
238
239
234
230
232
293
38
30
91
90
238
239
234
230
232
293
38
30
91
90
238
239
234
230
232
293
38
30
91
90
238
239
234
230
232
293
38
30
91
90
238
239
234
230
232
293
38
30
91
90
238
239
234
230
232
293
38
30
91
90
238
239
234
230
232
293
38
30
91
90
238
239
234
230
232
293
38
30
91
90
238
239
234
230
232
293
38
30
91
90
238
239
234
230
232
293
38
30
91
90
238
239
234
230
232
293
38
30
91
90
238
239
234
230
232
293
38
30
91
90
238
239
234
230
232
293
38
30
91
90
238
239
234
230
232
293
38
30
91
90
238
239
234
230
232
293
38
30
91
90
238
239
234
230
232
293
38
30
91
90
238
239
234
230
232
293
38
30
91
90
238
239
234
230
232
293
38
30
91
90
238
239
234
230
232
293
38
30
91
90
238
239
234
230
232
293
38
30
91
90
238
239
234
230
232
293
38
30
91
90
238
239
234
230
232
293
38
30
91
90
238
239
234
230
232
293
38
30
91
90
238
239
234
230
232
293
38
30
91
90
238
239
234
230
232
293
38
30
91
90
238
239
234
230
232
293
38
30
91
90
238
239
234
230
232
293
38
30
91
90
238
239
234
230
232
293
38
30
91
90
238
239
234
230
232
293
38
30
91
90
238
239
234
230
232
