6
93
236
230
231
1
26
20
7
240
6
93
236
230
231
1
26
20
7
240
6
93
236
230
231
1
26
20
7
240
6
93
236
230
231
1
26
20
7
240
6
93
236
230
231
1
26
20
7
240
6
93
236
230
231
1
26
20
7
240
6
93
236
230
231
1
26
20
7
240
6
93
236
230
231
1
26
20
7
240
6
93
236
230
231
1
26
20
7
240
6
93
236
230
231
1
26
20
7
240
6
93
236
230
231
1
26
20
7
240
6
93
236
230
231
1
26
20
7
240
6
93
236
230
231
1
26
20
7
240
6
93
236
230
231
1
26
20
7
240
6
93
236
230
231
1
26
20
7
240
6
93
236
230
231
1
26
20
7
240
6
93
236
230
231
1
26
20
7
240
6
93
236
230
231
1
26
20
7
240
6
93
236
230
231
1
26
20
7
240
6
93
236
230
231
1
26
20
7
240
6
93
236
230
231
1
26
20
7
240
6
93
236
230
231
1
26
20
7
240
6
93
236
230
231
1
26
20
7
240
6
93
236
230
231
1
26
20
7
240
6
93
236
230
231
1
26
20
7
240
6
93
236
230
231
1
26
20
7
240
6
93
236
230
231
1
26
20
7
240
6
93
236
230
231
1
26
20
7
240
6
93
236
230
231
1
26
20
7
240
6
93
236
230
231
1
26
20
7
240
6
93
236
230
231
1
26
20
7
240
6
93
236
230
231
1
26
20
7
240
6
93
236
230
231
1
26
20
7
240
6
93
236
230
231
1
26
20
7
240
6
93
236
230
231
1
26
20
7
240
6
93
236
230
231
1
26
20
7
240
6
93
236
230
231
1
26
20
7
240
6
93
236
230
231
1
26
20
7
240
6
93
236
230
231
1
26
20
7
240
6
93
236
230
231
1
26
20
7
240
6
93
236
230
231
1
26
20
7
240
6
93
236
230
231
1
26
20
7
240
6
93
236
230
231
1
26
20
7
240
6
93
236
230
231
1
26
20
7
240
6
93
236
230
231
1
26
20
7
240
6
93
236
230
231
1
26
20
7
240
6
93
236
230
231
1
26
20
7
240
6
93
236
230
231
1
26
20
7
240
6
93
236
230
231
1
26
20
7
240
6
93
236
230
231
1
26
20
7
240
