24
25
26
27
20
24
25
26
27
20
24
25
26
27
20
24
25
26
27
20
24
25
26
27
20
24
25
26
27
20
24
25
26
27
20
24
25
26
27
20
24
25
26
27
20
24
25
26
27
20
24
25
26
27
20
24
25
26
27
20
24
25
26
27
20
24
25
26
27
20
24
25
26
27
20
24
25
26
27
20
24
25
26
27
20
24
25
26
27
20
24
25
26
27
20
24
25
26
27
20
24
25
26
27
20
24
25
26
27
20
24
25
26
27
20
24
25
26
27
20
24
25
26
27
20
24
25
26
27
20
24
25
26
27
20
24
25
26
27
20
24
25
26
27
20
24
25
26
27
20
24
25
26
27
20
24
25
26
27
20
24
25
26
27
20
24
25
26
27
20
24
25
26
27
20
24
25
26
27
20
24
25
26
27
20
24
25
26
27
20
24
25
26
27
20
24
25
26
27
20
24
25
26
27
20
24
25
26
27
20
24
25
26
27
20
24
25
26
27
20
24
25
26
27
20
24
25
26
27
20
24
25
26
27
20
24
25
26
27
20
24
25
26
27
20
24
25
26
27
20
