23
8
55
51
50
23
8
55
51
50
23
8
55
51
50
23
8
55
51
50
23
8
55
51
50
23
8
55
51
50
23
8
55
51
50
23
8
55
51
50
23
8
55
51
50
23
8
55
51
50
23
8
55
51
50
23
8
55
51
50
23
8
55
51
50
23
8
55
51
50
23
8
55
51
50
23
8
55
51
50
23
8
55
51
50
23
8
55
51
50
23
8
55
51
50
23
8
55
51
50
23
8
55
51
50
23
8
55
51
50
23
8
55
51
50
23
8
55
51
50
23
8
55
51
50
23
8
55
51
50
23
8
55
51
50
23
8
55
51
50
23
8
55
51
50
23
8
55
51
50
23
8
55
51
50
23
8
55
51
50
23
8
55
51
50
23
8
55
51
50
23
8
55
51
50
23
8
55
51
50
23
8
55
51
50
23
8
55
51
50
23
8
55
51
50
23
8
55
51
50
23
8
55
51
50
23
8
55
51
50
23
8
55
51
50
23
8
55
51
50
23
8
55
51
50
23
8
55
51
50
23
8
55
51
50
23
8
55
51
50
23
8
55
51
50
23
8
55
51
50
