194
196
191
190
192
272
109
30
90
92
194
196
191
190
192
272
109
30
90
92
194
196
191
190
192
272
109
30
90
92
194
196
191
190
192
272
109
30
90
92
194
196
191
190
192
272
109
30
90
92
194
196
191
190
192
272
109
30
90
92
194
196
191
190
192
272
109
30
90
92
194
196
191
190
192
272
109
30
90
92
194
196
191
190
192
272
109
30
90
92
194
196
191
190
192
272
109
30
90
92
194
196
191
190
192
272
109
30
90
92
194
196
191
190
192
272
109
30
90
92
194
196
191
190
192
272
109
30
90
92
194
196
191
190
192
272
109
30
90
92
194
196
191
190
192
272
109
30
90
92
194
196
191
190
192
272
109
30
90
92
194
196
191
190
192
272
109
30
90
92
194
196
191
190
192
272
109
30
90
92
194
196
191
190
192
272
109
30
90
92
194
196
191
190
192
272
109
30
90
92
194
196
191
190
192
272
109
30
90
92
194
196
191
190
192
272
109
30
90
92
194
196
191
190
192
272
109
30
90
92
194
196
191
190
192
272
109
30
90
92
194
196
191
190
192
272
109
30
90
92
194
196
191
190
192
272
109
30
90
92
194
196
191
190
192
272
109
30
90
92
194
196
191
190
192
272
109
30
90
92
194
196
191
190
192
272
109
30
90
92
194
196
191
190
192
272
109
30
90
92
194
196
191
190
192
272
109
30
90
92
194
196
191
190
192
272
109
30
90
92
194
196
191
190
192
272
109
30
90
92
194
196
191
190
192
272
109
30
90
92
194
196
191
190
192
272
109
30
90
92
194
196
191
190
192
272
109
30
90
92
194
196
191
190
192
272
109
30
90
92
194
196
191
190
192
272
109
30
90
92
194
196
191
190
192
272
109
30
90
92
194
196
191
190
192
272
109
30
90
92
194
196
191
190
192
272
109
30
90
92
194
196
191
190
192
272
109
30
90
92
194
196
191
190
192
272
109
30
90
92
194
196
191
190
192
272
109
30
90
92
194
196
191
190
192
272
109
30
90
92
194
196
191
190
192
272
109
30
90
92
194
196
191
190
192
272
109
30
90
92
194
196
191
190
192
272
109
30
90
92
194
196
191
190
192
272
109
30
90
92
194
196
191
190
192
272
109
30
90
92
