295
293
290
291
199
198
194
196
191
190
295
293
290
291
199
198
194
196
191
190
295
293
290
291
199
198
194
196
191
190
295
293
290
291
199
198
194
196
191
190
295
293
290
291
199
198
194
196
191
190
295
293
290
291
199
198
194
196
191
190
295
293
290
291
199
198
194
196
191
190
295
293
290
291
199
198
194
196
191
190
295
293
290
291
199
198
194
196
191
190
295
293
290
291
199
198
194
196
191
190
295
293
290
291
199
198
194
196
191
190
295
293
290
291
199
198
194
196
191
190
295
293
290
291
199
198
194
196
191
190
295
293
290
291
199
198
194
196
191
190
295
293
290
291
199
198
194
196
191
190
295
293
290
291
199
198
194
196
191
190
295
293
290
291
199
198
194
196
191
190
295
293
290
291
199
198
194
196
191
190
295
293
290
291
199
198
194
196
191
190
295
293
290
291
199
198
194
196
191
190
295
293
290
291
199
198
194
196
191
190
295
293
290
291
199
198
194
196
191
190
295
293
290
291
199
198
194
196
191
190
295
293
290
291
199
198
194
196
191
190
295
293
290
291
199
198
194
196
191
190
295
293
290
291
199
198
194
196
191
190
295
293
290
291
199
198
194
196
191
190
295
293
290
291
199
198
194
196
191
190
295
293
290
291
199
198
194
196
191
190
295
293
290
291
199
198
194
196
191
190
295
293
290
291
199
198
194
196
191
190
295
293
290
291
199
198
194
196
191
190
295
293
290
291
199
198
194
196
191
190
295
293
290
291
199
198
194
196
191
190
295
293
290
291
199
198
194
196
191
190
295
293
290
291
199
198
194
196
191
190
295
293
290
291
199
198
194
196
191
190
295
293
290
291
199
198
194
196
191
190
295
293
290
291
199
198
194
196
191
190
295
293
290
291
199
198
194
196
191
190
295
293
290
291
199
198
194
196
191
190
295
293
290
291
199
198
194
196
191
190
295
293
290
291
199
198
194
196
191
190
295
293
290
291
199
198
194
196
191
190
295
293
290
291
199
198
194
196
191
190
295
293
290
291
199
198
194
196
191
190
295
293
290
291
199
198
194
196
191
190
295
293
290
291
199
198
194
196
191
190
295
293
290
291
199
198
194
196
191
190
295
293
290
291
199
198
194
196
191
190
