137
139
138
25
26
137
139
138
25
26
137
139
138
25
26
137
139
138
25
26
137
139
138
25
26
137
139
138
25
26
137
139
138
25
26
137
139
138
25
26
137
139
138
25
26
137
139
138
25
26
137
139
138
25
26
137
139
138
25
26
137
139
138
25
26
137
139
138
25
26
137
139
138
25
26
137
139
138
25
26
137
139
138
25
26
137
139
138
25
26
137
139
138
25
26
137
139
138
25
26
137
139
138
25
26
137
139
138
25
26
137
139
138
25
26
137
139
138
25
26
137
139
138
25
26
137
139
138
25
26
137
139
138
25
26
137
139
138
25
26
137
139
138
25
26
137
139
138
25
26
137
139
138
25
26
137
139
138
25
26
137
139
138
25
26
137
139
138
25
26
137
139
138
25
26
137
139
138
25
26
137
139
138
25
26
137
139
138
25
26
137
139
138
25
26
137
139
138
25
26
137
139
138
25
26
137
139
138
25
26
137
139
138
25
26
137
139
138
25
26
137
139
138
25
26
137
139
138
25
26
137
139
138
25
26
137
139
138
25
26
137
139
138
25
26
137
139
138
25
26
