133
0
4
8
68
133
0
4
8
68
133
0
4
8
68
133
0
4
8
68
133
0
4
8
68
133
0
4
8
68
133
0
4
8
68
133
0
4
8
68
133
0
4
8
68
133
0
4
8
68
133
0
4
8
68
133
0
4
8
68
133
0
4
8
68
133
0
4
8
68
133
0
4
8
68
133
0
4
8
68
133
0
4
8
68
133
0
4
8
68
133
0
4
8
68
133
0
4
8
68
133
0
4
8
68
133
0
4
8
68
133
0
4
8
68
133
0
4
8
68
133
0
4
8
68
133
0
4
8
68
133
0
4
8
68
133
0
4
8
68
133
0
4
8
68
133
0
4
8
68
133
0
4
8
68
133
0
4
8
68
133
0
4
8
68
133
0
4
8
68
133
0
4
8
68
133
0
4
8
68
133
0
4
8
68
133
0
4
8
68
133
0
4
8
68
133
0
4
8
68
133
0
4
8
68
133
0
4
8
68
133
0
4
8
68
133
0
4
8
68
133
0
4
8
68
133
0
4
8
68
133
0
4
8
68
133
0
4
8
68
133
0
4
8
68
133
0
4
8
68
