345
346
340
343
349
298
299
292
291
108
102
103
100
106
107
104
99
91
90
93
92
95
94
96
1620
1627
1624
1629
1628
2484
345
346
340
343
349
298
299
292
291
108
102
103
100
106
107
104
99
91
90
93
92
95
94
96
1620
1627
1624
1629
1628
2484
345
346
340
343
349
298
299
292
291
108
102
103
100
106
107
104
99
91
90
93
92
95
94
96
1620
1627
1624
1629
1628
2484
345
346
340
343
349
298
299
292
291
108
102
103
100
106
107
104
99
91
90
93
92
95
94
96
1620
1627
1624
1629
1628
2484
345
346
340
343
349
298
299
292
291
108
102
103
100
106
107
104
99
91
90
93
92
95
94
96
1620
1627
1624
1629
1628
2484
345
346
340
343
349
298
299
292
291
108
102
103
100
106
107
104
99
91
90
93
92
95
94
96
1620
1627
1624
1629
1628
2484
345
346
340
343
349
298
299
292
291
108
102
103
100
106
107
104
99
91
90
93
92
95
94
96
1620
1627
1624
1629
1628
2484
345
346
340
343
349
298
299
292
291
108
102
103
100
106
107
104
99
91
90
93
92
95
94
96
1620
1627
1624
1629
1628
2484
345
346
340
343
349
298
299
292
291
108
102
103
100
106
107
104
99
91
90
93
92
95
94
96
1620
1627
1624
1629
1628
2484
345
346
340
343
349
298
299
292
291
108
102
103
100
106
107
104
99
91
90
93
92
95
94
96
1620
1627
1624
1629
1628
2484
345
346
340
343
349
298
299
292
291
108
102
103
100
106
107
104
99
91
90
93
92
95
94
96
1620
1627
1624
1629
1628
2484
345
346
340
343
349
298
299
292
291
108
102
103
100
106
107
104
99
91
90
93
92
95
94
96
1620
1627
1624
1629
1628
2484
345
346
340
343
349
298
299
292
291
108
102
103
100
106
107
104
99
91
90
93
92
95
94
96
1620
1627
1624
1629
1628
2484
345
346
340
343
349
298
299
292
291
108
102
103
100
106
107
104
99
91
90
93
92
95
94
96
1620
1627
1624
1629
1628
2484
345
346
340
343
349
298
299
292
291
108
102
103
100
106
107
104
99
91
90
93
92
95
94
96
1620
1627
1624
1629
1628
2484
345
346
340
343
349
298
299
292
291
108
102
103
100
106
107
104
99
91
90
93
92
95
94
96
1620
1627
1624
1629
1628
2484
345
346
340
343
349
298
299
292
291
108
102
103
100
106
107
104
99
91
90
93
92
95
94
96
1620
1627
1624
1629
1628
2484
345
346
340
343
349
298
299
292
291
108
102
103
100
106
107
104
99
91
90
93
92
95
94
96
1620
1627
1624
1629
1628
2484
345
346
340
343
349
298
299
292
291
108
102
103
100
106
107
104
99
91
90
93
92
95
94
96
1620
1627
1624
1629
1628
2484
345
346
340
343
349
298
299
292
291
108
102
103
100
106
107
104
99
91
90
93
92
95
94
96
1620
1627
1624
1629
1628
2484
345
346
340
343
349
298
299
292
291
108
102
103
100
106
107
104
99
91
90
93
92
95
94
96
1620
1627
1624
1629
1628
2484
345
346
340
343
349
298
299
292
291
108
102
103
100
106
107
104
99
91
90
93
92
95
94
96
1620
1627
1624
1629
1628
2484
345
346
340
343
349
298
299
292
291
108
102
103
100
106
107
104
99
91
90
93
92
95
94
96
1620
1627
1624
1629
1628
2484
345
346
340
343
349
298
299
292
291
108
102
103
100
106
107
104
99
91
90
93
92
95
94
96
1620
1627
1624
1629
1628
2484
345
346
340
343
349
298
299
292
291
108
102
103
100
106
107
104
99
91
90
93
92
95
94
96
1620
1627
1624
1629
1628
2484
345
346
340
343
349
298
299
292
291
108
102
103
100
106
107
104
99
91
90
93
92
95
94
96
1620
1627
1624
1629
1628
2484
345
346
340
343
349
298
299
292
291
108
102
103
100
106
107
104
99
91
90
93
92
95
94
96
1620
1627
1624
1629
1628
2484
345
346
340
343
349
298
299
292
291
108
102
103
100
106
107
104
99
91
90
93
92
95
94
96
1620
1627
1624
1629
1628
2484
345
346
340
343
349
298
299
292
291
108
102
103
100
106
107
104
99
91
90
93
92
95
94
96
1620
1627
1624
1629
1628
2484
345
346
340
343
349
298
299
292
291
108
102
103
100
106
107
104
99
91
90
93
92
95
94
96
1620
1627
1624
1629
1628
2484
345
346
340
343
349
298
299
292
291
108
102
103
100
106
107
104
99
91
90
93
92
95
94
96
1620
1627
1624
1629
1628
2484
345
346
340
343
349
298
299
292
291
108
102
103
100
106
107
104
99
91
90
93
92
95
94
96
1620
1627
1624
1629
1628
2484
345
346
340
343
349
298
299
292
291
108
102
103
100
106
107
104
99
91
90
93
92
95
94
96
1620
1627
1624
1629
1628
2484
345
346
340
343
349
298
299
292
291
108
102
103
100
106
107
104
99
91
90
93
92
95
94
96
1620
1627
1624
1629
1628
2484
345
346
340
343
349
298
299
292
291
108
102
103
100
106
107
104
99
91
90
93
92
95
94
96
1620
1627
1624
1629
1628
2484
345
346
340
343
349
298
299
292
291
108
102
103
100
106
107
104
99
91
90
93
92
95
94
96
1620
1627
1624
1629
1628
2484
345
346
340
343
349
298
299
292
291
108
102
103
100
106
107
104
99
91
90
93
92
95
94
96
1620
1627
1624
1629
1628
2484
345
346
340
343
349
298
299
292
291
108
102
103
100
106
107
104
99
91
90
93
92
95
94
96
1620
1627
1624
1629
1628
2484
345
346
340
343
349
298
299
292
291
108
102
103
100
106
107
104
99
91
90
93
92
95
94
96
1620
1627
1624
1629
1628
2484
345
346
340
343
349
298
299
292
291
108
102
103
100
106
107
104
99
91
90
93
92
95
94
96
1620
1627
1624
1629
1628
2484
345
346
340
343
349
298
299
292
291
108
102
103
100
106
107
104
99
91
90
93
92
95
94
96
1620
1627
1624
1629
1628
2484
345
346
340
343
349
298
299
292
291
108
102
103
100
106
107
104
99
91
90
93
92
95
94
96
1620
1627
1624
1629
1628
2484
345
346
340
343
349
298
299
292
291
108
102
103
100
106
107
104
99
91
90
93
92
95
94
96
1620
1627
1624
1629
1628
2484
345
346
340
343
349
298
299
292
291
108
102
103
100
106
107
104
99
91
90
93
92
95
94
96
1620
1627
1624
1629
1628
2484
345
346
340
343
349
298
299
292
291
108
102
103
100
106
107
104
99
91
90
93
92
95
94
96
1620
1627
1624
1629
1628
2484
345
346
340
343
349
298
299
292
291
108
102
103
100
106
107
104
99
91
90
93
92
95
94
96
1620
1627
1624
1629
1628
2484
345
346
340
343
349
298
299
292
291
108
102
103
100
106
107
104
99
91
90
93
92
95
94
96
1620
1627
1624
1629
1628
2484
345
346
340
343
349
298
299
292
291
108
102
103
100
106
107
104
99
91
90
93
92
95
94
96
1620
1627
1624
1629
1628
2484
345
346
340
343
349
298
299
292
291
108
102
103
100
106
107
104
99
91
90
93
92
95
94
96
1620
1627
1624
1629
1628
2484
345
346
340
343
349
298
299
292
291
108
102
103
100
106
107
104
99
91
90
93
92
95
94
96
1620
1627
1624
1629
1628
2484
