6792
6791
2722
878
2808
2804
5129
3834
3835
3836
3831
3832
3833
3838
3839
3784
1777
3812
3813
3810
3811
3816
3817
3814
3815
3818
3819
3798
3796
3790
3792
3844
2803
3856
3855
6792
6791
2722
878
2808
2804
5129
3834
3835
3836
3831
3832
3833
3838
3839
3784
1777
3812
3813
3810
3811
3816
3817
3814
3815
3818
3819
3798
3796
3790
3792
3844
2803
3856
3855
6792
6791
2722
878
2808
2804
5129
3834
3835
3836
3831
3832
3833
3838
3839
3784
1777
3812
3813
3810
3811
3816
3817
3814
3815
3818
3819
3798
3796
3790
3792
3844
2803
3856
3855
6792
6791
2722
878
2808
2804
5129
3834
3835
3836
3831
3832
3833
3838
3839
3784
1777
3812
3813
3810
3811
3816
3817
3814
3815
3818
3819
3798
3796
3790
3792
3844
2803
3856
3855
6792
6791
2722
878
2808
2804
5129
3834
3835
3836
3831
3832
3833
3838
3839
3784
1777
3812
3813
3810
3811
3816
3817
3814
3815
3818
3819
3798
3796
3790
3792
3844
2803
3856
3855
6792
6791
2722
878
2808
2804
5129
3834
3835
3836
3831
3832
3833
3838
3839
3784
1777
3812
3813
3810
3811
3816
3817
3814
3815
3818
3819
3798
3796
3790
3792
3844
2803
3856
3855
6792
6791
2722
878
2808
2804
5129
3834
3835
3836
3831
3832
3833
3838
3839
3784
1777
3812
3813
3810
3811
3816
3817
3814
3815
3818
3819
3798
3796
3790
3792
3844
2803
3856
3855
6792
6791
2722
878
2808
2804
5129
3834
3835
3836
3831
3832
3833
3838
3839
3784
1777
3812
3813
3810
3811
3816
3817
3814
3815
3818
3819
3798
3796
3790
3792
3844
2803
3856
3855
6792
6791
2722
878
2808
2804
5129
3834
3835
3836
3831
3832
3833
3838
3839
3784
1777
3812
3813
3810
3811
3816
3817
3814
3815
3818
3819
3798
3796
3790
3792
3844
2803
3856
3855
6792
6791
2722
878
2808
2804
5129
3834
3835
3836
3831
3832
3833
3838
3839
3784
1777
3812
3813
3810
3811
3816
3817
3814
3815
3818
3819
3798
3796
3790
3792
3844
2803
3856
3855
6792
6791
2722
878
2808
2804
5129
3834
3835
3836
3831
3832
3833
3838
3839
3784
1777
3812
3813
3810
3811
3816
3817
3814
3815
3818
3819
3798
3796
3790
3792
3844
2803
3856
3855
6792
6791
2722
878
2808
2804
5129
3834
3835
3836
3831
3832
3833
3838
3839
3784
1777
3812
3813
3810
3811
3816
3817
3814
3815
3818
3819
3798
3796
3790
3792
3844
2803
3856
3855
6792
6791
2722
878
2808
2804
5129
3834
3835
3836
3831
3832
3833
3838
3839
3784
1777
3812
3813
3810
3811
3816
3817
3814
3815
3818
3819
3798
3796
3790
3792
3844
2803
3856
3855
6792
6791
2722
878
2808
2804
5129
3834
3835
3836
3831
3832
3833
3838
3839
3784
1777
3812
3813
3810
3811
3816
3817
3814
3815
3818
3819
3798
3796
3790
3792
3844
2803
3856
3855
6792
6791
2722
878
2808
2804
5129
3834
3835
3836
3831
3832
3833
3838
3839
3784
1777
3812
3813
3810
3811
3816
3817
3814
3815
3818
3819
3798
3796
3790
3792
3844
2803
3856
3855
6792
6791
2722
878
2808
2804
5129
3834
3835
3836
3831
3832
3833
3838
3839
3784
1777
3812
3813
3810
3811
3816
3817
3814
3815
3818
3819
3798
3796
3790
3792
3844
2803
3856
3855
6792
6791
2722
878
2808
2804
5129
3834
3835
3836
3831
3832
3833
3838
3839
3784
1777
3812
3813
3810
3811
3816
3817
3814
3815
3818
3819
3798
3796
3790
3792
3844
2803
3856
3855
6792
6791
2722
878
2808
2804
5129
3834
3835
3836
3831
3832
3833
3838
3839
3784
1777
3812
3813
3810
3811
3816
3817
3814
3815
3818
3819
3798
3796
3790
3792
3844
2803
3856
3855
6792
6791
2722
878
2808
2804
5129
3834
3835
3836
3831
3832
3833
3838
3839
3784
1777
3812
3813
3810
3811
3816
3817
3814
3815
3818
3819
3798
3796
3790
3792
3844
2803
3856
3855
6792
6791
2722
878
2808
2804
5129
3834
3835
3836
3831
3832
3833
3838
3839
3784
1777
3812
3813
3810
3811
3816
3817
3814
3815
3818
3819
3798
3796
3790
3792
3844
2803
3856
3855
6792
6791
2722
878
2808
2804
5129
3834
3835
3836
3831
3832
3833
3838
3839
3784
1777
3812
3813
3810
3811
3816
3817
3814
3815
3818
3819
3798
3796
3790
3792
3844
2803
3856
3855
6792
6791
2722
878
2808
2804
5129
3834
3835
3836
3831
3832
3833
3838
3839
3784
1777
3812
3813
3810
3811
3816
3817
3814
3815
3818
3819
3798
3796
3790
3792
3844
2803
3856
3855
6792
6791
2722
878
2808
2804
5129
3834
3835
3836
3831
3832
3833
3838
3839
3784
1777
3812
3813
3810
3811
3816
3817
3814
3815
3818
3819
3798
3796
3790
3792
3844
2803
3856
3855
6792
6791
2722
878
2808
2804
5129
3834
3835
3836
3831
3832
3833
3838
3839
3784
1777
3812
3813
3810
3811
3816
3817
3814
3815
3818
3819
3798
3796
3790
3792
3844
2803
3856
3855
6792
6791
2722
878
2808
2804
5129
3834
3835
3836
3831
3832
3833
3838
3839
3784
1777
3812
3813
3810
3811
3816
3817
3814
3815
3818
3819
3798
3796
3790
3792
3844
2803
3856
3855
6792
6791
2722
878
2808
2804
5129
3834
3835
3836
3831
3832
3833
3838
3839
3784
1777
3812
3813
3810
3811
3816
3817
3814
3815
3818
3819
3798
3796
3790
3792
3844
2803
3856
3855
6792
6791
2722
878
2808
2804
5129
3834
3835
3836
3831
3832
3833
3838
3839
3784
1777
3812
3813
3810
3811
3816
3817
3814
3815
3818
3819
3798
3796
3790
3792
3844
2803
3856
3855
6792
6791
2722
878
2808
2804
5129
3834
3835
3836
3831
3832
3833
3838
3839
3784
1777
3812
3813
3810
3811
3816
3817
3814
3815
3818
3819
3798
3796
3790
3792
3844
2803
3856
3855
6792
6791
2722
878
2808
2804
5129
3834
3835
3836
3831
3832
3833
3838
3839
3784
1777
3812
3813
3810
3811
3816
3817
3814
3815
3818
3819
3798
3796
3790
3792
3844
2803
3856
3855
6792
6791
2722
878
2808
2804
5129
3834
3835
3836
3831
3832
3833
3838
3839
3784
1777
3812
3813
3810
3811
3816
3817
3814
3815
3818
3819
3798
3796
3790
3792
3844
2803
3856
3855
6792
6791
2722
878
2808
2804
5129
3834
3835
3836
3831
3832
3833
3838
3839
3784
1777
3812
3813
3810
3811
3816
3817
3814
3815
3818
3819
3798
3796
3790
3792
3844
2803
3856
3855
6792
6791
2722
878
2808
2804
5129
3834
3835
3836
3831
3832
3833
3838
3839
3784
1777
3812
3813
3810
3811
3816
3817
3814
3815
3818
3819
3798
3796
3790
3792
3844
2803
3856
3855
6792
6791
2722
878
2808
2804
5129
3834
3835
3836
3831
3832
3833
3838
3839
3784
1777
3812
3813
3810
3811
3816
3817
3814
3815
3818
3819
3798
3796
3790
3792
3844
2803
3856
3855
6792
6791
2722
878
2808
2804
5129
3834
3835
3836
3831
3832
3833
3838
3839
3784
1777
3812
3813
3810
3811
3816
3817
3814
3815
3818
3819
3798
3796
3790
3792
3844
2803
3856
3855
6792
6791
2722
878
2808
2804
5129
3834
3835
3836
3831
3832
3833
3838
3839
3784
1777
3812
3813
3810
3811
3816
3817
3814
3815
3818
3819
3798
3796
3790
3792
3844
2803
3856
3855
6792
6791
2722
878
2808
2804
5129
3834
3835
3836
3831
3832
3833
3838
3839
3784
1777
3812
3813
3810
3811
3816
3817
3814
3815
3818
3819
3798
3796
3790
3792
3844
2803
3856
3855
6792
6791
2722
878
2808
2804
5129
3834
3835
3836
3831
3832
3833
3838
3839
3784
1777
3812
3813
3810
3811
3816
3817
3814
3815
3818
3819
3798
3796
3790
3792
3844
2803
3856
3855
6792
6791
2722
878
2808
2804
5129
3834
3835
3836
3831
3832
3833
3838
3839
3784
1777
3812
3813
3810
3811
3816
3817
3814
3815
3818
3819
3798
3796
3790
3792
3844
2803
3856
3855
6792
6791
2722
878
2808
2804
5129
3834
3835
3836
3831
3832
3833
3838
3839
3784
1777
3812
3813
3810
3811
3816
3817
3814
3815
3818
3819
3798
3796
3790
3792
3844
2803
3856
3855
6792
6791
2722
878
2808
2804
5129
3834
3835
3836
3831
3832
3833
3838
3839
3784
1777
3812
3813
3810
3811
3816
3817
3814
3815
3818
3819
3798
3796
3790
3792
3844
2803
3856
3855
6792
6791
2722
878
2808
2804
5129
3834
3835
3836
3831
3832
3833
3838
3839
3784
1777
3812
3813
3810
3811
3816
3817
3814
3815
3818
3819
3798
3796
3790
3792
3844
2803
3856
3855
6792
6791
2722
878
2808
2804
5129
3834
3835
3836
3831
3832
3833
3838
3839
3784
1777
3812
3813
3810
3811
3816
3817
3814
3815
3818
3819
3798
3796
3790
3792
3844
2803
3856
3855
6792
6791
2722
878
2808
2804
5129
3834
3835
3836
3831
3832
3833
3838
3839
3784
1777
3812
3813
3810
3811
3816
3817
3814
3815
3818
3819
3798
3796
3790
3792
3844
2803
3856
3855
6792
6791
2722
878
2808
2804
5129
3834
3835
3836
3831
3832
3833
3838
3839
3784
1777
3812
3813
3810
3811
3816
3817
3814
3815
3818
3819
3798
3796
3790
3792
3844
2803
3856
3855
6792
6791
2722
878
2808
2804
5129
3834
3835
3836
3831
3832
3833
3838
3839
3784
1777
3812
3813
3810
3811
3816
3817
3814
3815
3818
3819
3798
3796
3790
3792
3844
2803
3856
3855
6792
6791
2722
878
2808
2804
5129
3834
3835
3836
3831
3832
3833
3838
3839
3784
1777
3812
3813
3810
3811
3816
3817
3814
3815
3818
3819
3798
3796
3790
3792
3844
2803
3856
3855
6792
6791
2722
878
2808
2804
5129
3834
3835
3836
3831
3832
3833
3838
3839
3784
1777
3812
3813
3810
3811
3816
3817
3814
3815
3818
3819
3798
3796
3790
3792
3844
2803
3856
3855
6792
6791
2722
878
2808
2804
5129
3834
3835
3836
3831
3832
3833
3838
3839
3784
1777
3812
3813
3810
3811
3816
3817
3814
3815
3818
3819
3798
3796
3790
3792
3844
2803
3856
3855
6792
6791
2722
878
2808
2804
5129
3834
3835
3836
3831
3832
3833
3838
3839
3784
1777
3812
3813
3810
3811
3816
3817
3814
3815
3818
3819
3798
3796
3790
3792
3844
2803
3856
3855
6792
6791
2722
878
2808
2804
5129
3834
3835
3836
3831
3832
3833
3838
3839
3784
1777
3812
3813
3810
3811
3816
3817
3814
3815
3818
3819
3798
3796
3790
3792
3844
2803
3856
3855
