29
8
55
57
89
29
8
55
57
89
29
8
55
57
89
29
8
55
57
89
29
8
55
57
89
29
8
55
57
89
29
8
55
57
89
29
8
55
57
89
29
8
55
57
89
29
8
55
57
89
29
8
55
57
89
29
8
55
57
89
29
8
55
57
89
29
8
55
57
89
29
8
55
57
89
29
8
55
57
89
29
8
55
57
89
29
8
55
57
89
29
8
55
57
89
29
8
55
57
89
29
8
55
57
89
29
8
55
57
89
29
8
55
57
89
29
8
55
57
89
29
8
55
57
89
29
8
55
57
89
29
8
55
57
89
29
8
55
57
89
29
8
55
57
89
29
8
55
57
89
29
8
55
57
89
29
8
55
57
89
29
8
55
57
89
29
8
55
57
89
29
8
55
57
89
29
8
55
57
89
29
8
55
57
89
29
8
55
57
89
29
8
55
57
89
29
8
55
57
89
29
8
55
57
89
29
8
55
57
89
29
8
55
57
89
29
8
55
57
89
29
8
55
57
89
29
8
55
57
89
29
8
55
57
89
29
8
55
57
89
29
8
55
57
89
29
8
55
57
89
