711
619
994
903
906
33
643
642
337
854
711
619
994
903
906
33
643
642
337
854
711
619
994
903
906
33
643
642
337
854
711
619
994
903
906
33
643
642
337
854
711
619
994
903
906
33
643
642
337
854
711
619
994
903
906
33
643
642
337
854
711
619
994
903
906
33
643
642
337
854
711
619
994
903
906
33
643
642
337
854
711
619
994
903
906
33
643
642
337
854
711
619
994
903
906
33
643
642
337
854
711
619
994
903
906
33
643
642
337
854
711
619
994
903
906
33
643
642
337
854
711
619
994
903
906
33
643
642
337
854
711
619
994
903
906
33
643
642
337
854
711
619
994
903
906
33
643
642
337
854
711
619
994
903
906
33
643
642
337
854
711
619
994
903
906
33
643
642
337
854
711
619
994
903
906
33
643
642
337
854
711
619
994
903
906
33
643
642
337
854
711
619
994
903
906
33
643
642
337
854
711
619
994
903
906
33
643
642
337
854
711
619
994
903
906
33
643
642
337
854
711
619
994
903
906
33
643
642
337
854
711
619
994
903
906
33
643
642
337
854
711
619
994
903
906
33
643
642
337
854
711
619
994
903
906
33
643
642
337
854
711
619
994
903
906
33
643
642
337
854
711
619
994
903
906
33
643
642
337
854
711
619
994
903
906
33
643
642
337
854
711
619
994
903
906
33
643
642
337
854
711
619
994
903
906
33
643
642
337
854
711
619
994
903
906
33
643
642
337
854
711
619
994
903
906
33
643
642
337
854
711
619
994
903
906
33
643
642
337
854
711
619
994
903
906
33
643
642
337
854
711
619
994
903
906
33
643
642
337
854
711
619
994
903
906
33
643
642
337
854
711
619
994
903
906
33
643
642
337
854
711
619
994
903
906
33
643
642
337
854
711
619
994
903
906
33
643
642
337
854
711
619
994
903
906
33
643
642
337
854
711
619
994
903
906
33
643
642
337
854
711
619
994
903
906
33
643
642
337
854
711
619
994
903
906
33
643
642
337
854
711
619
994
903
906
33
643
642
337
854
711
619
994
903
906
33
643
642
337
854
711
619
994
903
906
33
643
642
337
854
711
619
994
903
906
33
643
642
337
854
711
619
994
903
906
33
643
642
337
854
711
619
994
903
906
33
643
642
337
854
