819
812
816
817
713
712
710
279
994
906
819
812
816
817
713
712
710
279
994
906
819
812
816
817
713
712
710
279
994
906
819
812
816
817
713
712
710
279
994
906
819
812
816
817
713
712
710
279
994
906
819
812
816
817
713
712
710
279
994
906
819
812
816
817
713
712
710
279
994
906
819
812
816
817
713
712
710
279
994
906
819
812
816
817
713
712
710
279
994
906
819
812
816
817
713
712
710
279
994
906
819
812
816
817
713
712
710
279
994
906
819
812
816
817
713
712
710
279
994
906
819
812
816
817
713
712
710
279
994
906
819
812
816
817
713
712
710
279
994
906
819
812
816
817
713
712
710
279
994
906
819
812
816
817
713
712
710
279
994
906
819
812
816
817
713
712
710
279
994
906
819
812
816
817
713
712
710
279
994
906
819
812
816
817
713
712
710
279
994
906
819
812
816
817
713
712
710
279
994
906
819
812
816
817
713
712
710
279
994
906
819
812
816
817
713
712
710
279
994
906
819
812
816
817
713
712
710
279
994
906
819
812
816
817
713
712
710
279
994
906
819
812
816
817
713
712
710
279
994
906
819
812
816
817
713
712
710
279
994
906
819
812
816
817
713
712
710
279
994
906
819
812
816
817
713
712
710
279
994
906
819
812
816
817
713
712
710
279
994
906
819
812
816
817
713
712
710
279
994
906
819
812
816
817
713
712
710
279
994
906
819
812
816
817
713
712
710
279
994
906
819
812
816
817
713
712
710
279
994
906
819
812
816
817
713
712
710
279
994
906
819
812
816
817
713
712
710
279
994
906
819
812
816
817
713
712
710
279
994
906
819
812
816
817
713
712
710
279
994
906
819
812
816
817
713
712
710
279
994
906
819
812
816
817
713
712
710
279
994
906
819
812
816
817
713
712
710
279
994
906
819
812
816
817
713
712
710
279
994
906
819
812
816
817
713
712
710
279
994
906
819
812
816
817
713
712
710
279
994
906
819
812
816
817
713
712
710
279
994
906
819
812
816
817
713
712
710
279
994
906
819
812
816
817
713
712
710
279
994
906
819
812
816
817
713
712
710
279
994
906
819
812
816
817
713
712
710
279
994
906
819
812
816
817
713
712
710
279
994
906
819
812
816
817
713
712
710
279
994
906
