1781
1996
1998
1628
555
1193
1194
1759
1758
1756
1750
1370
379
371
393
1977
1974
1971
1606
1968
1781
1996
1998
1628
555
1193
1194
1759
1758
1756
1750
1370
379
371
393
1977
1974
1971
1606
1968
1781
1996
1998
1628
555
1193
1194
1759
1758
1756
1750
1370
379
371
393
1977
1974
1971
1606
1968
1781
1996
1998
1628
555
1193
1194
1759
1758
1756
1750
1370
379
371
393
1977
1974
1971
1606
1968
1781
1996
1998
1628
555
1193
1194
1759
1758
1756
1750
1370
379
371
393
1977
1974
1971
1606
1968
1781
1996
1998
1628
555
1193
1194
1759
1758
1756
1750
1370
379
371
393
1977
1974
1971
1606
1968
1781
1996
1998
1628
555
1193
1194
1759
1758
1756
1750
1370
379
371
393
1977
1974
1971
1606
1968
1781
1996
1998
1628
555
1193
1194
1759
1758
1756
1750
1370
379
371
393
1977
1974
1971
1606
1968
1781
1996
1998
1628
555
1193
1194
1759
1758
1756
1750
1370
379
371
393
1977
1974
1971
1606
1968
1781
1996
1998
1628
555
1193
1194
1759
1758
1756
1750
1370
379
371
393
1977
1974
1971
1606
1968
1781
1996
1998
1628
555
1193
1194
1759
1758
1756
1750
1370
379
371
393
1977
1974
1971
1606
1968
1781
1996
1998
1628
555
1193
1194
1759
1758
1756
1750
1370
379
371
393
1977
1974
1971
1606
1968
1781
1996
1998
1628
555
1193
1194
1759
1758
1756
1750
1370
379
371
393
1977
1974
1971
1606
1968
1781
1996
1998
1628
555
1193
1194
1759
1758
1756
1750
1370
379
371
393
1977
1974
1971
1606
1968
1781
1996
1998
1628
555
1193
1194
1759
1758
1756
1750
1370
379
371
393
1977
1974
1971
1606
1968
1781
1996
1998
1628
555
1193
1194
1759
1758
1756
1750
1370
379
371
393
1977
1974
1971
1606
1968
1781
1996
1998
1628
555
1193
1194
1759
1758
1756
1750
1370
379
371
393
1977
1974
1971
1606
1968
1781
1996
1998
1628
555
1193
1194
1759
1758
1756
1750
1370
379
371
393
1977
1974
1971
1606
1968
1781
1996
1998
1628
555
1193
1194
1759
1758
1756
1750
1370
379
371
393
1977
1974
1971
1606
1968
1781
1996
1998
1628
555
1193
1194
1759
1758
1756
1750
1370
379
371
393
1977
1974
1971
1606
1968
1781
1996
1998
1628
555
1193
1194
1759
1758
1756
1750
1370
379
371
393
1977
1974
1971
1606
1968
1781
1996
1998
1628
555
1193
1194
1759
1758
1756
1750
1370
379
371
393
1977
1974
1971
1606
1968
1781
1996
1998
1628
555
1193
1194
1759
1758
1756
1750
1370
379
371
393
1977
1974
1971
1606
1968
1781
1996
1998
1628
555
1193
1194
1759
1758
1756
1750
1370
379
371
393
1977
1974
1971
1606
1968
1781
1996
1998
1628
555
1193
1194
1759
1758
1756
1750
1370
379
371
393
1977
1974
1971
1606
1968
1781
1996
1998
1628
555
1193
1194
1759
1758
1756
1750
1370
379
371
393
1977
1974
1971
1606
1968
1781
1996
1998
1628
555
1193
1194
1759
1758
1756
1750
1370
379
371
393
1977
1974
1971
1606
1968
1781
1996
1998
1628
555
1193
1194
1759
1758
1756
1750
1370
379
371
393
1977
1974
1971
1606
1968
1781
1996
1998
1628
555
1193
1194
1759
1758
1756
1750
1370
379
371
393
1977
1974
1971
1606
1968
1781
1996
1998
1628
555
1193
1194
1759
1758
1756
1750
1370
379
371
393
1977
1974
1971
1606
1968
1781
1996
1998
1628
555
1193
1194
1759
1758
1756
1750
1370
379
371
393
1977
1974
1971
1606
1968
1781
1996
1998
1628
555
1193
1194
1759
1758
1756
1750
1370
379
371
393
1977
1974
1971
1606
1968
1781
1996
1998
1628
555
1193
1194
1759
1758
1756
1750
1370
379
371
393
1977
1974
1971
1606
1968
1781
1996
1998
1628
555
1193
1194
1759
1758
1756
1750
1370
379
371
393
1977
1974
1971
1606
1968
1781
1996
1998
1628
555
1193
1194
1759
1758
1756
1750
1370
379
371
393
1977
1974
1971
1606
1968
1781
1996
1998
1628
555
1193
1194
1759
1758
1756
1750
1370
379
371
393
1977
1974
1971
1606
1968
1781
1996
1998
1628
555
1193
1194
1759
1758
1756
1750
1370
379
371
393
1977
1974
1971
1606
1968
1781
1996
1998
1628
555
1193
1194
1759
1758
1756
1750
1370
379
371
393
1977
1974
1971
1606
1968
1781
1996
1998
1628
555
1193
1194
1759
1758
1756
1750
1370
379
371
393
1977
1974
1971
1606
1968
1781
1996
1998
1628
555
1193
1194
1759
1758
1756
1750
1370
379
371
393
1977
1974
1971
1606
1968
1781
1996
1998
1628
555
1193
1194
1759
1758
1756
1750
1370
379
371
393
1977
1974
1971
1606
1968
1781
1996
1998
1628
555
1193
1194
1759
1758
1756
1750
1370
379
371
393
1977
1974
1971
1606
1968
1781
1996
1998
1628
555
1193
1194
1759
1758
1756
1750
1370
379
371
393
1977
1974
1971
1606
1968
1781
1996
1998
1628
555
1193
1194
1759
1758
1756
1750
1370
379
371
393
1977
1974
1971
1606
1968
1781
1996
1998
1628
555
1193
1194
1759
1758
1756
1750
1370
379
371
393
1977
1974
1971
1606
1968
1781
1996
1998
1628
555
1193
1194
1759
1758
1756
1750
1370
379
371
393
1977
1974
1971
1606
1968
1781
1996
1998
1628
555
1193
1194
1759
1758
1756
1750
1370
379
371
393
1977
1974
1971
1606
1968
1781
1996
1998
1628
555
1193
1194
1759
1758
1756
1750
1370
379
371
393
1977
1974
1971
1606
1968
1781
1996
1998
1628
555
1193
1194
1759
1758
1756
1750
1370
379
371
393
1977
1974
1971
1606
1968
1781
1996
1998
1628
555
1193
1194
1759
1758
1756
1750
1370
379
371
393
1977
1974
1971
1606
1968
