1991
1993
1620
1994
1996
1628
1193
1195
1756
1753
1170
1003
686
623
646
1977
1600
1603
1974
1973
1991
1993
1620
1994
1996
1628
1193
1195
1756
1753
1170
1003
686
623
646
1977
1600
1603
1974
1973
1991
1993
1620
1994
1996
1628
1193
1195
1756
1753
1170
1003
686
623
646
1977
1600
1603
1974
1973
1991
1993
1620
1994
1996
1628
1193
1195
1756
1753
1170
1003
686
623
646
1977
1600
1603
1974
1973
1991
1993
1620
1994
1996
1628
1193
1195
1756
1753
1170
1003
686
623
646
1977
1600
1603
1974
1973
1991
1993
1620
1994
1996
1628
1193
1195
1756
1753
1170
1003
686
623
646
1977
1600
1603
1974
1973
1991
1993
1620
1994
1996
1628
1193
1195
1756
1753
1170
1003
686
623
646
1977
1600
1603
1974
1973
1991
1993
1620
1994
1996
1628
1193
1195
1756
1753
1170
1003
686
623
646
1977
1600
1603
1974
1973
1991
1993
1620
1994
1996
1628
1193
1195
1756
1753
1170
1003
686
623
646
1977
1600
1603
1974
1973
1991
1993
1620
1994
1996
1628
1193
1195
1756
1753
1170
1003
686
623
646
1977
1600
1603
1974
1973
1991
1993
1620
1994
1996
1628
1193
1195
1756
1753
1170
1003
686
623
646
1977
1600
1603
1974
1973
1991
1993
1620
1994
1996
1628
1193
1195
1756
1753
1170
1003
686
623
646
1977
1600
1603
1974
1973
1991
1993
1620
1994
1996
1628
1193
1195
1756
1753
1170
1003
686
623
646
1977
1600
1603
1974
1973
1991
1993
1620
1994
1996
1628
1193
1195
1756
1753
1170
1003
686
623
646
1977
1600
1603
1974
1973
1991
1993
1620
1994
1996
1628
1193
1195
1756
1753
1170
1003
686
623
646
1977
1600
1603
1974
1973
1991
1993
1620
1994
1996
1628
1193
1195
1756
1753
1170
1003
686
623
646
1977
1600
1603
1974
1973
1991
1993
1620
1994
1996
1628
1193
1195
1756
1753
1170
1003
686
623
646
1977
1600
1603
1974
1973
1991
1993
1620
1994
1996
1628
1193
1195
1756
1753
1170
1003
686
623
646
1977
1600
1603
1974
1973
1991
1993
1620
1994
1996
1628
1193
1195
1756
1753
1170
1003
686
623
646
1977
1600
1603
1974
1973
1991
1993
1620
1994
1996
1628
1193
1195
1756
1753
1170
1003
686
623
646
1977
1600
1603
1974
1973
1991
1993
1620
1994
1996
1628
1193
1195
1756
1753
1170
1003
686
623
646
1977
1600
1603
1974
1973
1991
1993
1620
1994
1996
1628
1193
1195
1756
1753
1170
1003
686
623
646
1977
1600
1603
1974
1973
1991
1993
1620
1994
1996
1628
1193
1195
1756
1753
1170
1003
686
623
646
1977
1600
1603
1974
1973
1991
1993
1620
1994
1996
1628
1193
1195
1756
1753
1170
1003
686
623
646
1977
1600
1603
1974
1973
1991
1993
1620
1994
1996
1628
1193
1195
1756
1753
1170
1003
686
623
646
1977
1600
1603
1974
1973
1991
1993
1620
1994
1996
1628
1193
1195
1756
1753
1170
1003
686
623
646
1977
1600
1603
1974
1973
1991
1993
1620
1994
1996
1628
1193
1195
1756
1753
1170
1003
686
623
646
1977
1600
1603
1974
1973
1991
1993
1620
1994
1996
1628
1193
1195
1756
1753
1170
1003
686
623
646
1977
1600
1603
1974
1973
1991
1993
1620
1994
1996
1628
1193
1195
1756
1753
1170
1003
686
623
646
1977
1600
1603
1974
1973
1991
1993
1620
1994
1996
1628
1193
1195
1756
1753
1170
1003
686
623
646
1977
1600
1603
1974
1973
1991
1993
1620
1994
1996
1628
1193
1195
1756
1753
1170
1003
686
623
646
1977
1600
1603
1974
1973
1991
1993
1620
1994
1996
1628
1193
1195
1756
1753
1170
1003
686
623
646
1977
1600
1603
1974
1973
1991
1993
1620
1994
1996
1628
1193
1195
1756
1753
1170
1003
686
623
646
1977
1600
1603
1974
1973
1991
1993
1620
1994
1996
1628
1193
1195
1756
1753
1170
1003
686
623
646
1977
1600
1603
1974
1973
1991
1993
1620
1994
1996
1628
1193
1195
1756
1753
1170
1003
686
623
646
1977
1600
1603
1974
1973
1991
1993
1620
1994
1996
1628
1193
1195
1756
1753
1170
1003
686
623
646
1977
1600
1603
1974
1973
1991
1993
1620
1994
1996
1628
1193
1195
1756
1753
1170
1003
686
623
646
1977
1600
1603
1974
1973
1991
1993
1620
1994
1996
1628
1193
1195
1756
1753
1170
1003
686
623
646
1977
1600
1603
1974
1973
1991
1993
1620
1994
1996
1628
1193
1195
1756
1753
1170
1003
686
623
646
1977
1600
1603
1974
1973
1991
1993
1620
1994
1996
1628
1193
1195
1756
1753
1170
1003
686
623
646
1977
1600
1603
1974
1973
1991
1993
1620
1994
1996
1628
1193
1195
1756
1753
1170
1003
686
623
646
1977
1600
1603
1974
1973
1991
1993
1620
1994
1996
1628
1193
1195
1756
1753
1170
1003
686
623
646
1977
1600
1603
1974
1973
1991
1993
1620
1994
1996
1628
1193
1195
1756
1753
1170
1003
686
623
646
1977
1600
1603
1974
1973
1991
1993
1620
1994
1996
1628
1193
1195
1756
1753
1170
1003
686
623
646
1977
1600
1603
1974
1973
1991
1993
1620
1994
1996
1628
1193
1195
1756
1753
1170
1003
686
623
646
1977
1600
1603
1974
1973
1991
1993
1620
1994
1996
1628
1193
1195
1756
1753
1170
1003
686
623
646
1977
1600
1603
1974
1973
1991
1993
1620
1994
1996
1628
1193
1195
1756
1753
1170
1003
686
623
646
1977
1600
1603
1974
1973
1991
1993
1620
1994
1996
1628
1193
1195
1756
1753
1170
1003
686
623
646
1977
1600
1603
1974
1973
1991
1993
1620
1994
1996
1628
1193
1195
1756
1753
1170
1003
686
623
646
1977
1600
1603
1974
1973
1991
1993
1620
1994
1996
1628
1193
1195
1756
1753
1170
1003
686
623
646
1977
1600
1603
1974
1973
