297
1004
1629
1628
558
1190
1193
1192
1194
1759
1754
1753
1752
1005
1284
1283
1223
409
392
390
297
1004
1629
1628
558
1190
1193
1192
1194
1759
1754
1753
1752
1005
1284
1283
1223
409
392
390
297
1004
1629
1628
558
1190
1193
1192
1194
1759
1754
1753
1752
1005
1284
1283
1223
409
392
390
297
1004
1629
1628
558
1190
1193
1192
1194
1759
1754
1753
1752
1005
1284
1283
1223
409
392
390
297
1004
1629
1628
558
1190
1193
1192
1194
1759
1754
1753
1752
1005
1284
1283
1223
409
392
390
297
1004
1629
1628
558
1190
1193
1192
1194
1759
1754
1753
1752
1005
1284
1283
1223
409
392
390
297
1004
1629
1628
558
1190
1193
1192
1194
1759
1754
1753
1752
1005
1284
1283
1223
409
392
390
297
1004
1629
1628
558
1190
1193
1192
1194
1759
1754
1753
1752
1005
1284
1283
1223
409
392
390
297
1004
1629
1628
558
1190
1193
1192
1194
1759
1754
1753
1752
1005
1284
1283
1223
409
392
390
297
1004
1629
1628
558
1190
1193
1192
1194
1759
1754
1753
1752
1005
1284
1283
1223
409
392
390
297
1004
1629
1628
558
1190
1193
1192
1194
1759
1754
1753
1752
1005
1284
1283
1223
409
392
390
297
1004
1629
1628
558
1190
1193
1192
1194
1759
1754
1753
1752
1005
1284
1283
1223
409
392
390
297
1004
1629
1628
558
1190
1193
1192
1194
1759
1754
1753
1752
1005
1284
1283
1223
409
392
390
297
1004
1629
1628
558
1190
1193
1192
1194
1759
1754
1753
1752
1005
1284
1283
1223
409
392
390
297
1004
1629
1628
558
1190
1193
1192
1194
1759
1754
1753
1752
1005
1284
1283
1223
409
392
390
297
1004
1629
1628
558
1190
1193
1192
1194
1759
1754
1753
1752
1005
1284
1283
1223
409
392
390
297
1004
1629
1628
558
1190
1193
1192
1194
1759
1754
1753
1752
1005
1284
1283
1223
409
392
390
297
1004
1629
1628
558
1190
1193
1192
1194
1759
1754
1753
1752
1005
1284
1283
1223
409
392
390
297
1004
1629
1628
558
1190
1193
1192
1194
1759
1754
1753
1752
1005
1284
1283
1223
409
392
390
297
1004
1629
1628
558
1190
1193
1192
1194
1759
1754
1753
1752
1005
1284
1283
1223
409
392
390
297
1004
1629
1628
558
1190
1193
1192
1194
1759
1754
1753
1752
1005
1284
1283
1223
409
392
390
297
1004
1629
1628
558
1190
1193
1192
1194
1759
1754
1753
1752
1005
1284
1283
1223
409
392
390
297
1004
1629
1628
558
1190
1193
1192
1194
1759
1754
1753
1752
1005
1284
1283
1223
409
392
390
297
1004
1629
1628
558
1190
1193
1192
1194
1759
1754
1753
1752
1005
1284
1283
1223
409
392
390
297
1004
1629
1628
558
1190
1193
1192
1194
1759
1754
1753
1752
1005
1284
1283
1223
409
392
390
297
1004
1629
1628
558
1190
1193
1192
1194
1759
1754
1753
1752
1005
1284
1283
1223
409
392
390
297
1004
1629
1628
558
1190
1193
1192
1194
1759
1754
1753
1752
1005
1284
1283
1223
409
392
390
297
1004
1629
1628
558
1190
1193
1192
1194
1759
1754
1753
1752
1005
1284
1283
1223
409
392
390
297
1004
1629
1628
558
1190
1193
1192
1194
1759
1754
1753
1752
1005
1284
1283
1223
409
392
390
297
1004
1629
1628
558
1190
1193
1192
1194
1759
1754
1753
1752
1005
1284
1283
1223
409
392
390
297
1004
1629
1628
558
1190
1193
1192
1194
1759
1754
1753
1752
1005
1284
1283
1223
409
392
390
297
1004
1629
1628
558
1190
1193
1192
1194
1759
1754
1753
1752
1005
1284
1283
1223
409
392
390
297
1004
1629
1628
558
1190
1193
1192
1194
1759
1754
1753
1752
1005
1284
1283
1223
409
392
390
297
1004
1629
1628
558
1190
1193
1192
1194
1759
1754
1753
1752
1005
1284
1283
1223
409
392
390
297
1004
1629
1628
558
1190
1193
1192
1194
1759
1754
1753
1752
1005
1284
1283
1223
409
392
390
297
1004
1629
1628
558
1190
1193
1192
1194
1759
1754
1753
1752
1005
1284
1283
1223
409
392
390
297
1004
1629
1628
558
1190
1193
1192
1194
1759
1754
1753
1752
1005
1284
1283
1223
409
392
390
297
1004
1629
1628
558
1190
1193
1192
1194
1759
1754
1753
1752
1005
1284
1283
1223
409
392
390
297
1004
1629
1628
558
1190
1193
1192
1194
1759
1754
1753
1752
1005
1284
1283
1223
409
392
390
297
1004
1629
1628
558
1190
1193
1192
1194
1759
1754
1753
1752
1005
1284
1283
1223
409
392
390
297
1004
1629
1628
558
1190
1193
1192
1194
1759
1754
1753
1752
1005
1284
1283
1223
409
392
390
297
1004
1629
1628
558
1190
1193
1192
1194
1759
1754
1753
1752
1005
1284
1283
1223
409
392
390
297
1004
1629
1628
558
1190
1193
1192
1194
1759
1754
1753
1752
1005
1284
1283
1223
409
392
390
297
1004
1629
1628
558
1190
1193
1192
1194
1759
1754
1753
1752
1005
1284
1283
1223
409
392
390
297
1004
1629
1628
558
1190
1193
1192
1194
1759
1754
1753
1752
1005
1284
1283
1223
409
392
390
297
1004
1629
1628
558
1190
1193
1192
1194
1759
1754
1753
1752
1005
1284
1283
1223
409
392
390
297
1004
1629
1628
558
1190
1193
1192
1194
1759
1754
1753
1752
1005
1284
1283
1223
409
392
390
297
1004
1629
1628
558
1190
1193
1192
1194
1759
1754
1753
1752
1005
1284
1283
1223
409
392
390
297
1004
1629
1628
558
1190
1193
1192
1194
1759
1754
1753
1752
1005
1284
1283
1223
409
392
390
297
1004
1629
1628
558
1190
1193
1192
1194
1759
1754
1753
1752
1005
1284
1283
1223
409
392
390
