2617
3902
2986
2063
2607
2613
2612
2606
2605
1766
1765
3613
1768
3903
3468
3470
3901
2608
1767
2702
2611
2064
2609
2616
1764
2617
3902
2986
2063
2607
2613
2612
2606
2605
1766
1765
3613
1768
3903
3468
3470
3901
2608
1767
2702
2611
2064
2609
2616
1764
2617
3902
2986
2063
2607
2613
2612
2606
2605
1766
1765
3613
1768
3903
3468
3470
3901
2608
1767
2702
2611
2064
2609
2616
1764
2617
3902
2986
2063
2607
2613
2612
2606
2605
1766
1765
3613
1768
3903
3468
3470
3901
2608
1767
2702
2611
2064
2609
2616
1764
2617
3902
2986
2063
2607
2613
2612
2606
2605
1766
1765
3613
1768
3903
3468
3470
3901
2608
1767
2702
2611
2064
2609
2616
1764
2617
3902
2986
2063
2607
2613
2612
2606
2605
1766
1765
3613
1768
3903
3468
3470
3901
2608
1767
2702
2611
2064
2609
2616
1764
2617
3902
2986
2063
2607
2613
2612
2606
2605
1766
1765
3613
1768
3903
3468
3470
3901
2608
1767
2702
2611
2064
2609
2616
1764
2617
3902
2986
2063
2607
2613
2612
2606
2605
1766
1765
3613
1768
3903
3468
3470
3901
2608
1767
2702
2611
2064
2609
2616
1764
2617
3902
2986
2063
2607
2613
2612
2606
2605
1766
1765
3613
1768
3903
3468
3470
3901
2608
1767
2702
2611
2064
2609
2616
1764
2617
3902
2986
2063
2607
2613
2612
2606
2605
1766
1765
3613
1768
3903
3468
3470
3901
2608
1767
2702
2611
2064
2609
2616
1764
2617
3902
2986
2063
2607
2613
2612
2606
2605
1766
1765
3613
1768
3903
3468
3470
3901
2608
1767
2702
2611
2064
2609
2616
1764
2617
3902
2986
2063
2607
2613
2612
2606
2605
1766
1765
3613
1768
3903
3468
3470
3901
2608
1767
2702
2611
2064
2609
2616
1764
2617
3902
2986
2063
2607
2613
2612
2606
2605
1766
1765
3613
1768
3903
3468
3470
3901
2608
1767
2702
2611
2064
2609
2616
1764
2617
3902
2986
2063
2607
2613
2612
2606
2605
1766
1765
3613
1768
3903
3468
3470
3901
2608
1767
2702
2611
2064
2609
2616
1764
2617
3902
2986
2063
2607
2613
2612
2606
2605
1766
1765
3613
1768
3903
3468
3470
3901
2608
1767
2702
2611
2064
2609
2616
1764
2617
3902
2986
2063
2607
2613
2612
2606
2605
1766
1765
3613
1768
3903
3468
3470
3901
2608
1767
2702
2611
2064
2609
2616
1764
2617
3902
2986
2063
2607
2613
2612
2606
2605
1766
1765
3613
1768
3903
3468
3470
3901
2608
1767
2702
2611
2064
2609
2616
1764
2617
3902
2986
2063
2607
2613
2612
2606
2605
1766
1765
3613
1768
3903
3468
3470
3901
2608
1767
2702
2611
2064
2609
2616
1764
2617
3902
2986
2063
2607
2613
2612
2606
2605
1766
1765
3613
1768
3903
3468
3470
3901
2608
1767
2702
2611
2064
2609
2616
1764
2617
3902
2986
2063
2607
2613
2612
2606
2605
1766
1765
3613
1768
3903
3468
3470
3901
2608
1767
2702
2611
2064
2609
2616
1764
2617
3902
2986
2063
2607
2613
2612
2606
2605
1766
1765
3613
1768
3903
3468
3470
3901
2608
1767
2702
2611
2064
2609
2616
1764
2617
3902
2986
2063
2607
2613
2612
2606
2605
1766
1765
3613
1768
3903
3468
3470
3901
2608
1767
2702
2611
2064
2609
2616
1764
2617
3902
2986
2063
2607
2613
2612
2606
2605
1766
1765
3613
1768
3903
3468
3470
3901
2608
1767
2702
2611
2064
2609
2616
1764
2617
3902
2986
2063
2607
2613
2612
2606
2605
1766
1765
3613
1768
3903
3468
3470
3901
2608
1767
2702
2611
2064
2609
2616
1764
2617
3902
2986
2063
2607
2613
2612
2606
2605
1766
1765
3613
1768
3903
3468
3470
3901
2608
1767
2702
2611
2064
2609
2616
1764
2617
3902
2986
2063
2607
2613
2612
2606
2605
1766
1765
3613
1768
3903
3468
3470
3901
2608
1767
2702
2611
2064
2609
2616
1764
2617
3902
2986
2063
2607
2613
2612
2606
2605
1766
1765
3613
1768
3903
3468
3470
3901
2608
1767
2702
2611
2064
2609
2616
1764
2617
3902
2986
2063
2607
2613
2612
2606
2605
1766
1765
3613
1768
3903
3468
3470
3901
2608
1767
2702
2611
2064
2609
2616
1764
2617
3902
2986
2063
2607
2613
2612
2606
2605
1766
1765
3613
1768
3903
3468
3470
3901
2608
1767
2702
2611
2064
2609
2616
1764
2617
3902
2986
2063
2607
2613
2612
2606
2605
1766
1765
3613
1768
3903
3468
3470
3901
2608
1767
2702
2611
2064
2609
2616
1764
2617
3902
2986
2063
2607
2613
2612
2606
2605
1766
1765
3613
1768
3903
3468
3470
3901
2608
1767
2702
2611
2064
2609
2616
1764
2617
3902
2986
2063
2607
2613
2612
2606
2605
1766
1765
3613
1768
3903
3468
3470
3901
2608
1767
2702
2611
2064
2609
2616
1764
2617
3902
2986
2063
2607
2613
2612
2606
2605
1766
1765
3613
1768
3903
3468
3470
3901
2608
1767
2702
2611
2064
2609
2616
1764
2617
3902
2986
2063
2607
2613
2612
2606
2605
1766
1765
3613
1768
3903
3468
3470
3901
2608
1767
2702
2611
2064
2609
2616
1764
2617
3902
2986
2063
2607
2613
2612
2606
2605
1766
1765
3613
1768
3903
3468
3470
3901
2608
1767
2702
2611
2064
2609
2616
1764
2617
3902
2986
2063
2607
2613
2612
2606
2605
1766
1765
3613
1768
3903
3468
3470
3901
2608
1767
2702
2611
2064
2609
2616
1764
2617
3902
2986
2063
2607
2613
2612
2606
2605
1766
1765
3613
1768
3903
3468
3470
3901
2608
1767
2702
2611
2064
2609
2616
1764
2617
3902
2986
2063
2607
2613
2612
2606
2605
1766
1765
3613
1768
3903
3468
3470
3901
2608
1767
2702
2611
2064
2609
2616
1764
2617
3902
2986
2063
2607
2613
2612
2606
2605
1766
1765
3613
1768
3903
3468
3470
3901
2608
1767
2702
2611
2064
2609
2616
1764
2617
3902
2986
2063
2607
2613
2612
2606
2605
1766
1765
3613
1768
3903
3468
3470
3901
2608
1767
2702
2611
2064
2609
2616
1764
2617
3902
2986
2063
2607
2613
2612
2606
2605
1766
1765
3613
1768
3903
3468
3470
3901
2608
1767
2702
2611
2064
2609
2616
1764
2617
3902
2986
2063
2607
2613
2612
2606
2605
1766
1765
3613
1768
3903
3468
3470
3901
2608
1767
2702
2611
2064
2609
2616
1764
2617
3902
2986
2063
2607
2613
2612
2606
2605
1766
1765
3613
1768
3903
3468
3470
3901
2608
1767
2702
2611
2064
2609
2616
1764
2617
3902
2986
2063
2607
2613
2612
2606
2605
1766
1765
3613
1768
3903
3468
3470
3901
2608
1767
2702
2611
2064
2609
2616
1764
2617
3902
2986
2063
2607
2613
2612
2606
2605
1766
1765
3613
1768
3903
3468
3470
3901
2608
1767
2702
2611
2064
2609
2616
1764
2617
3902
2986
2063
2607
2613
2612
2606
2605
1766
1765
3613
1768
3903
3468
3470
3901
2608
1767
2702
2611
2064
2609
2616
1764
2617
3902
2986
2063
2607
2613
2612
2606
2605
1766
1765
3613
1768
3903
3468
3470
3901
2608
1767
2702
2611
2064
2609
2616
1764
2617
3902
2986
2063
2607
2613
2612
2606
2605
1766
1765
3613
1768
3903
3468
3470
3901
2608
1767
2702
2611
2064
2609
2616
1764
2617
3902
2986
2063
2607
2613
2612
2606
2605
1766
1765
3613
1768
3903
3468
3470
3901
2608
1767
2702
2611
2064
2609
2616
1764
2617
3902
2986
2063
2607
2613
2612
2606
2605
1766
1765
3613
1768
3903
3468
3470
3901
2608
1767
2702
2611
2064
2609
2616
1764
