4767
3583
3581
3587
3578
1158
4341
454
3223
3131
1154
3224
3265
1181
282
2897
3295
2875
1151
1896
3094
3741
3721
3133
112
4767
3583
3581
3587
3578
1158
4341
454
3223
3131
1154
3224
3265
1181
282
2897
3295
2875
1151
1896
3094
3741
3721
3133
112
4767
3583
3581
3587
3578
1158
4341
454
3223
3131
1154
3224
3265
1181
282
2897
3295
2875
1151
1896
3094
3741
3721
3133
112
4767
3583
3581
3587
3578
1158
4341
454
3223
3131
1154
3224
3265
1181
282
2897
3295
2875
1151
1896
3094
3741
3721
3133
112
4767
3583
3581
3587
3578
1158
4341
454
3223
3131
1154
3224
3265
1181
282
2897
3295
2875
1151
1896
3094
3741
3721
3133
112
4767
3583
3581
3587
3578
1158
4341
454
3223
3131
1154
3224
3265
1181
282
2897
3295
2875
1151
1896
3094
3741
3721
3133
112
4767
3583
3581
3587
3578
1158
4341
454
3223
3131
1154
3224
3265
1181
282
2897
3295
2875
1151
1896
3094
3741
3721
3133
112
4767
3583
3581
3587
3578
1158
4341
454
3223
3131
1154
3224
3265
1181
282
2897
3295
2875
1151
1896
3094
3741
3721
3133
112
4767
3583
3581
3587
3578
1158
4341
454
3223
3131
1154
3224
3265
1181
282
2897
3295
2875
1151
1896
3094
3741
3721
3133
112
4767
3583
3581
3587
3578
1158
4341
454
3223
3131
1154
3224
3265
1181
282
2897
3295
2875
1151
1896
3094
3741
3721
3133
112
4767
3583
3581
3587
3578
1158
4341
454
3223
3131
1154
3224
3265
1181
282
2897
3295
2875
1151
1896
3094
3741
3721
3133
112
4767
3583
3581
3587
3578
1158
4341
454
3223
3131
1154
3224
3265
1181
282
2897
3295
2875
1151
1896
3094
3741
3721
3133
112
4767
3583
3581
3587
3578
1158
4341
454
3223
3131
1154
3224
3265
1181
282
2897
3295
2875
1151
1896
3094
3741
3721
3133
112
4767
3583
3581
3587
3578
1158
4341
454
3223
3131
1154
3224
3265
1181
282
2897
3295
2875
1151
1896
3094
3741
3721
3133
112
4767
3583
3581
3587
3578
1158
4341
454
3223
3131
1154
3224
3265
1181
282
2897
3295
2875
1151
1896
3094
3741
3721
3133
112
4767
3583
3581
3587
3578
1158
4341
454
3223
3131
1154
3224
3265
1181
282
2897
3295
2875
1151
1896
3094
3741
3721
3133
112
4767
3583
3581
3587
3578
1158
4341
454
3223
3131
1154
3224
3265
1181
282
2897
3295
2875
1151
1896
3094
3741
3721
3133
112
4767
3583
3581
3587
3578
1158
4341
454
3223
3131
1154
3224
3265
1181
282
2897
3295
2875
1151
1896
3094
3741
3721
3133
112
4767
3583
3581
3587
3578
1158
4341
454
3223
3131
1154
3224
3265
1181
282
2897
3295
2875
1151
1896
3094
3741
3721
3133
112
4767
3583
3581
3587
3578
1158
4341
454
3223
3131
1154
3224
3265
1181
282
2897
3295
2875
1151
1896
3094
3741
3721
3133
112
4767
3583
3581
3587
3578
1158
4341
454
3223
3131
1154
3224
3265
1181
282
2897
3295
2875
1151
1896
3094
3741
3721
3133
112
4767
3583
3581
3587
3578
1158
4341
454
3223
3131
1154
3224
3265
1181
282
2897
3295
2875
1151
1896
3094
3741
3721
3133
112
4767
3583
3581
3587
3578
1158
4341
454
3223
3131
1154
3224
3265
1181
282
2897
3295
2875
1151
1896
3094
3741
3721
3133
112
4767
3583
3581
3587
3578
1158
4341
454
3223
3131
1154
3224
3265
1181
282
2897
3295
2875
1151
1896
3094
3741
3721
3133
112
4767
3583
3581
3587
3578
1158
4341
454
3223
3131
1154
3224
3265
1181
282
2897
3295
2875
1151
1896
3094
3741
3721
3133
112
4767
3583
3581
3587
3578
1158
4341
454
3223
3131
1154
3224
3265
1181
282
2897
3295
2875
1151
1896
3094
3741
3721
3133
112
4767
3583
3581
3587
3578
1158
4341
454
3223
3131
1154
3224
3265
1181
282
2897
3295
2875
1151
1896
3094
3741
3721
3133
112
4767
3583
3581
3587
3578
1158
4341
454
3223
3131
1154
3224
3265
1181
282
2897
3295
2875
1151
1896
3094
3741
3721
3133
112
4767
3583
3581
3587
3578
1158
4341
454
3223
3131
1154
3224
3265
1181
282
2897
3295
2875
1151
1896
3094
3741
3721
3133
112
4767
3583
3581
3587
3578
1158
4341
454
3223
3131
1154
3224
3265
1181
282
2897
3295
2875
1151
1896
3094
3741
3721
3133
112
4767
3583
3581
3587
3578
1158
4341
454
3223
3131
1154
3224
3265
1181
282
2897
3295
2875
1151
1896
3094
3741
3721
3133
112
4767
3583
3581
3587
3578
1158
4341
454
3223
3131
1154
3224
3265
1181
282
2897
3295
2875
1151
1896
3094
3741
3721
3133
112
4767
3583
3581
3587
3578
1158
4341
454
3223
3131
1154
3224
3265
1181
282
2897
3295
2875
1151
1896
3094
3741
3721
3133
112
4767
3583
3581
3587
3578
1158
4341
454
3223
3131
1154
3224
3265
1181
282
2897
3295
2875
1151
1896
3094
3741
3721
3133
112
4767
3583
3581
3587
3578
1158
4341
454
3223
3131
1154
3224
3265
1181
282
2897
3295
2875
1151
1896
3094
3741
3721
3133
112
4767
3583
3581
3587
3578
1158
4341
454
3223
3131
1154
3224
3265
1181
282
2897
3295
2875
1151
1896
3094
3741
3721
3133
112
4767
3583
3581
3587
3578
1158
4341
454
3223
3131
1154
3224
3265
1181
282
2897
3295
2875
1151
1896
3094
3741
3721
3133
112
4767
3583
3581
3587
3578
1158
4341
454
3223
3131
1154
3224
3265
1181
282
2897
3295
2875
1151
1896
3094
3741
3721
3133
112
4767
3583
3581
3587
3578
1158
4341
454
3223
3131
1154
3224
3265
1181
282
2897
3295
2875
1151
1896
3094
3741
3721
3133
112
4767
3583
3581
3587
3578
1158
4341
454
3223
3131
1154
3224
3265
1181
282
2897
3295
2875
1151
1896
3094
3741
3721
3133
112
4767
3583
3581
3587
3578
1158
4341
454
3223
3131
1154
3224
3265
1181
282
2897
3295
2875
1151
1896
3094
3741
3721
3133
112
4767
3583
3581
3587
3578
1158
4341
454
3223
3131
1154
3224
3265
1181
282
2897
3295
2875
1151
1896
3094
3741
3721
3133
112
4767
3583
3581
3587
3578
1158
4341
454
3223
3131
1154
3224
3265
1181
282
2897
3295
2875
1151
1896
3094
3741
3721
3133
112
4767
3583
3581
3587
3578
1158
4341
454
3223
3131
1154
3224
3265
1181
282
2897
3295
2875
1151
1896
3094
3741
3721
3133
112
4767
3583
3581
3587
3578
1158
4341
454
3223
3131
1154
3224
3265
1181
282
2897
3295
2875
1151
1896
3094
3741
3721
3133
112
4767
3583
3581
3587
3578
1158
4341
454
3223
3131
1154
3224
3265
1181
282
2897
3295
2875
1151
1896
3094
3741
3721
3133
112
4767
3583
3581
3587
3578
1158
4341
454
3223
3131
1154
3224
3265
1181
282
2897
3295
2875
1151
1896
3094
3741
3721
3133
112
4767
3583
3581
3587
3578
1158
4341
454
3223
3131
1154
3224
3265
1181
282
2897
3295
2875
1151
1896
3094
3741
3721
3133
112
4767
3583
3581
3587
3578
1158
4341
454
3223
3131
1154
3224
3265
1181
282
2897
3295
2875
1151
1896
3094
3741
3721
3133
112
4767
3583
3581
3587
3578
1158
4341
454
3223
3131
1154
3224
3265
1181
282
2897
3295
2875
1151
1896
3094
3741
3721
3133
112
