3444
3507
3495
3509
2596
3506
4148
3511
4150
4151
4154
2076
3367
1521
2640
2083
1636
1470
2581
4127
3769
2591
3356
3739
2812
1475
2355
3934
2595
753
3444
3507
3495
3509
2596
3506
4148
3511
4150
4151
4154
2076
3367
1521
2640
2083
1636
1470
2581
4127
3769
2591
3356
3739
2812
1475
2355
3934
2595
753
3444
3507
3495
3509
2596
3506
4148
3511
4150
4151
4154
2076
3367
1521
2640
2083
1636
1470
2581
4127
3769
2591
3356
3739
2812
1475
2355
3934
2595
753
3444
3507
3495
3509
2596
3506
4148
3511
4150
4151
4154
2076
3367
1521
2640
2083
1636
1470
2581
4127
3769
2591
3356
3739
2812
1475
2355
3934
2595
753
3444
3507
3495
3509
2596
3506
4148
3511
4150
4151
4154
2076
3367
1521
2640
2083
1636
1470
2581
4127
3769
2591
3356
3739
2812
1475
2355
3934
2595
753
3444
3507
3495
3509
2596
3506
4148
3511
4150
4151
4154
2076
3367
1521
2640
2083
1636
1470
2581
4127
3769
2591
3356
3739
2812
1475
2355
3934
2595
753
3444
3507
3495
3509
2596
3506
4148
3511
4150
4151
4154
2076
3367
1521
2640
2083
1636
1470
2581
4127
3769
2591
3356
3739
2812
1475
2355
3934
2595
753
3444
3507
3495
3509
2596
3506
4148
3511
4150
4151
4154
2076
3367
1521
2640
2083
1636
1470
2581
4127
3769
2591
3356
3739
2812
1475
2355
3934
2595
753
3444
3507
3495
3509
2596
3506
4148
3511
4150
4151
4154
2076
3367
1521
2640
2083
1636
1470
2581
4127
3769
2591
3356
3739
2812
1475
2355
3934
2595
753
3444
3507
3495
3509
2596
3506
4148
3511
4150
4151
4154
2076
3367
1521
2640
2083
1636
1470
2581
4127
3769
2591
3356
3739
2812
1475
2355
3934
2595
753
3444
3507
3495
3509
2596
3506
4148
3511
4150
4151
4154
2076
3367
1521
2640
2083
1636
1470
2581
4127
3769
2591
3356
3739
2812
1475
2355
3934
2595
753
3444
3507
3495
3509
2596
3506
4148
3511
4150
4151
4154
2076
3367
1521
2640
2083
1636
1470
2581
4127
3769
2591
3356
3739
2812
1475
2355
3934
2595
753
3444
3507
3495
3509
2596
3506
4148
3511
4150
4151
4154
2076
3367
1521
2640
2083
1636
1470
2581
4127
3769
2591
3356
3739
2812
1475
2355
3934
2595
753
3444
3507
3495
3509
2596
3506
4148
3511
4150
4151
4154
2076
3367
1521
2640
2083
1636
1470
2581
4127
3769
2591
3356
3739
2812
1475
2355
3934
2595
753
3444
3507
3495
3509
2596
3506
4148
3511
4150
4151
4154
2076
3367
1521
2640
2083
1636
1470
2581
4127
3769
2591
3356
3739
2812
1475
2355
3934
2595
753
3444
3507
3495
3509
2596
3506
4148
3511
4150
4151
4154
2076
3367
1521
2640
2083
1636
1470
2581
4127
3769
2591
3356
3739
2812
1475
2355
3934
2595
753
3444
3507
3495
3509
2596
3506
4148
3511
4150
4151
4154
2076
3367
1521
2640
2083
1636
1470
2581
4127
3769
2591
3356
3739
2812
1475
2355
3934
2595
753
3444
3507
3495
3509
2596
3506
4148
3511
4150
4151
4154
2076
3367
1521
2640
2083
1636
1470
2581
4127
3769
2591
3356
3739
2812
1475
2355
3934
2595
753
3444
3507
3495
3509
2596
3506
4148
3511
4150
4151
4154
2076
3367
1521
2640
2083
1636
1470
2581
4127
3769
2591
3356
3739
2812
1475
2355
3934
2595
753
3444
3507
3495
3509
2596
3506
4148
3511
4150
4151
4154
2076
3367
1521
2640
2083
1636
1470
2581
4127
3769
2591
3356
3739
2812
1475
2355
3934
2595
753
3444
3507
3495
3509
2596
3506
4148
3511
4150
4151
4154
2076
3367
1521
2640
2083
1636
1470
2581
4127
3769
2591
3356
3739
2812
1475
2355
3934
2595
753
3444
3507
3495
3509
2596
3506
4148
3511
4150
4151
4154
2076
3367
1521
2640
2083
1636
1470
2581
4127
3769
2591
3356
3739
2812
1475
2355
3934
2595
753
3444
3507
3495
3509
2596
3506
4148
3511
4150
4151
4154
2076
3367
1521
2640
2083
1636
1470
2581
4127
3769
2591
3356
3739
2812
1475
2355
3934
2595
753
3444
3507
3495
3509
2596
3506
4148
3511
4150
4151
4154
2076
3367
1521
2640
2083
1636
1470
2581
4127
3769
2591
3356
3739
2812
1475
2355
3934
2595
753
3444
3507
3495
3509
2596
3506
4148
3511
4150
4151
4154
2076
3367
1521
2640
2083
1636
1470
2581
4127
3769
2591
3356
3739
2812
1475
2355
3934
2595
753
3444
3507
3495
3509
2596
3506
4148
3511
4150
4151
4154
2076
3367
1521
2640
2083
1636
1470
2581
4127
3769
2591
3356
3739
2812
1475
2355
3934
2595
753
3444
3507
3495
3509
2596
3506
4148
3511
4150
4151
4154
2076
3367
1521
2640
2083
1636
1470
2581
4127
3769
2591
3356
3739
2812
1475
2355
3934
2595
753
3444
3507
3495
3509
2596
3506
4148
3511
4150
4151
4154
2076
3367
1521
2640
2083
1636
1470
2581
4127
3769
2591
3356
3739
2812
1475
2355
3934
2595
753
3444
3507
3495
3509
2596
3506
4148
3511
4150
4151
4154
2076
3367
1521
2640
2083
1636
1470
2581
4127
3769
2591
3356
3739
2812
1475
2355
3934
2595
753
3444
3507
3495
3509
2596
3506
4148
3511
4150
4151
4154
2076
3367
1521
2640
2083
1636
1470
2581
4127
3769
2591
3356
3739
2812
1475
2355
3934
2595
753
3444
3507
3495
3509
2596
3506
4148
3511
4150
4151
4154
2076
3367
1521
2640
2083
1636
1470
2581
4127
3769
2591
3356
3739
2812
1475
2355
3934
2595
753
3444
3507
3495
3509
2596
3506
4148
3511
4150
4151
4154
2076
3367
1521
2640
2083
1636
1470
2581
4127
3769
2591
3356
3739
2812
1475
2355
3934
2595
753
3444
3507
3495
3509
2596
3506
4148
3511
4150
4151
4154
2076
3367
1521
2640
2083
1636
1470
2581
4127
3769
2591
3356
3739
2812
1475
2355
3934
2595
753
3444
3507
3495
3509
2596
3506
4148
3511
4150
4151
4154
2076
3367
1521
2640
2083
1636
1470
2581
4127
3769
2591
3356
3739
2812
1475
2355
3934
2595
753
3444
3507
3495
3509
2596
3506
4148
3511
4150
4151
4154
2076
3367
1521
2640
2083
1636
1470
2581
4127
3769
2591
3356
3739
2812
1475
2355
3934
2595
753
3444
3507
3495
3509
2596
3506
4148
3511
4150
4151
4154
2076
3367
1521
2640
2083
1636
1470
2581
4127
3769
2591
3356
3739
2812
1475
2355
3934
2595
753
3444
3507
3495
3509
2596
3506
4148
3511
4150
4151
4154
2076
3367
1521
2640
2083
1636
1470
2581
4127
3769
2591
3356
3739
2812
1475
2355
3934
2595
753
3444
3507
3495
3509
2596
3506
4148
3511
4150
4151
4154
2076
3367
1521
2640
2083
1636
1470
2581
4127
3769
2591
3356
3739
2812
1475
2355
3934
2595
753
3444
3507
3495
3509
2596
3506
4148
3511
4150
4151
4154
2076
3367
1521
2640
2083
1636
1470
2581
4127
3769
2591
3356
3739
2812
1475
2355
3934
2595
753
3444
3507
3495
3509
2596
3506
4148
3511
4150
4151
4154
2076
3367
1521
2640
2083
1636
1470
2581
4127
3769
2591
3356
3739
2812
1475
2355
3934
2595
753
3444
3507
3495
3509
2596
3506
4148
3511
4150
4151
4154
2076
3367
1521
2640
2083
1636
1470
2581
4127
3769
2591
3356
3739
2812
1475
2355
3934
2595
753
3444
3507
3495
3509
2596
3506
4148
3511
4150
4151
4154
2076
3367
1521
2640
2083
1636
1470
2581
4127
3769
2591
3356
3739
2812
1475
2355
3934
2595
753
3444
3507
3495
3509
2596
3506
4148
3511
4150
4151
4154
2076
3367
1521
2640
2083
1636
1470
2581
4127
3769
2591
3356
3739
2812
1475
2355
3934
2595
753
3444
3507
3495
3509
2596
3506
4148
3511
4150
4151
4154
2076
3367
1521
2640
2083
1636
1470
2581
4127
3769
2591
3356
3739
2812
1475
2355
3934
2595
753
3444
3507
3495
3509
2596
3506
4148
3511
4150
4151
4154
2076
3367
1521
2640
2083
1636
1470
2581
4127
3769
2591
3356
3739
2812
1475
2355
3934
2595
753
3444
3507
3495
3509
2596
3506
4148
3511
4150
4151
4154
2076
3367
1521
2640
2083
1636
1470
2581
4127
3769
2591
3356
3739
2812
1475
2355
3934
2595
753
3444
3507
3495
3509
2596
3506
4148
3511
4150
4151
4154
2076
3367
1521
2640
2083
1636
1470
2581
4127
3769
2591
3356
3739
2812
1475
2355
3934
2595
753
3444
3507
3495
3509
2596
3506
4148
3511
4150
4151
4154
2076
3367
1521
2640
2083
1636
1470
2581
4127
3769
2591
3356
3739
2812
1475
2355
3934
2595
753
3444
3507
3495
3509
2596
3506
4148
3511
4150
4151
4154
2076
3367
1521
2640
2083
1636
1470
2581
4127
3769
2591
3356
3739
2812
1475
2355
3934
2595
753
3444
3507
3495
3509
2596
3506
4148
3511
4150
4151
4154
2076
3367
1521
2640
2083
1636
1470
2581
4127
3769
2591
3356
3739
2812
1475
2355
3934
2595
753
