510
499
496
491
492
501
495
5335
6789
3837
3842
6671
3853
3843
6790
3773
6786
3789
3820
7965
3841
6787
6785
6533
3787
3793
3845
3828
8123
8119
6529
6669
3830
6528
3809
510
499
496
491
492
501
495
5335
6789
3837
3842
6671
3853
3843
6790
3773
6786
3789
3820
7965
3841
6787
6785
6533
3787
3793
3845
3828
8123
8119
6529
6669
3830
6528
3809
510
499
496
491
492
501
495
5335
6789
3837
3842
6671
3853
3843
6790
3773
6786
3789
3820
7965
3841
6787
6785
6533
3787
3793
3845
3828
8123
8119
6529
6669
3830
6528
3809
510
499
496
491
492
501
495
5335
6789
3837
3842
6671
3853
3843
6790
3773
6786
3789
3820
7965
3841
6787
6785
6533
3787
3793
3845
3828
8123
8119
6529
6669
3830
6528
3809
510
499
496
491
492
501
495
5335
6789
3837
3842
6671
3853
3843
6790
3773
6786
3789
3820
7965
3841
6787
6785
6533
3787
3793
3845
3828
8123
8119
6529
6669
3830
6528
3809
510
499
496
491
492
501
495
5335
6789
3837
3842
6671
3853
3843
6790
3773
6786
3789
3820
7965
3841
6787
6785
6533
3787
3793
3845
3828
8123
8119
6529
6669
3830
6528
3809
510
499
496
491
492
501
495
5335
6789
3837
3842
6671
3853
3843
6790
3773
6786
3789
3820
7965
3841
6787
6785
6533
3787
3793
3845
3828
8123
8119
6529
6669
3830
6528
3809
510
499
496
491
492
501
495
5335
6789
3837
3842
6671
3853
3843
6790
3773
6786
3789
3820
7965
3841
6787
6785
6533
3787
3793
3845
3828
8123
8119
6529
6669
3830
6528
3809
510
499
496
491
492
501
495
5335
6789
3837
3842
6671
3853
3843
6790
3773
6786
3789
3820
7965
3841
6787
6785
6533
3787
3793
3845
3828
8123
8119
6529
6669
3830
6528
3809
510
499
496
491
492
501
495
5335
6789
3837
3842
6671
3853
3843
6790
3773
6786
3789
3820
7965
3841
6787
6785
6533
3787
3793
3845
3828
8123
8119
6529
6669
3830
6528
3809
510
499
496
491
492
501
495
5335
6789
3837
3842
6671
3853
3843
6790
3773
6786
3789
3820
7965
3841
6787
6785
6533
3787
3793
3845
3828
8123
8119
6529
6669
3830
6528
3809
510
499
496
491
492
501
495
5335
6789
3837
3842
6671
3853
3843
6790
3773
6786
3789
3820
7965
3841
6787
6785
6533
3787
3793
3845
3828
8123
8119
6529
6669
3830
6528
3809
510
499
496
491
492
501
495
5335
6789
3837
3842
6671
3853
3843
6790
3773
6786
3789
3820
7965
3841
6787
6785
6533
3787
3793
3845
3828
8123
8119
6529
6669
3830
6528
3809
510
499
496
491
492
501
495
5335
6789
3837
3842
6671
3853
3843
6790
3773
6786
3789
3820
7965
3841
6787
6785
6533
3787
3793
3845
3828
8123
8119
6529
6669
3830
6528
3809
510
499
496
491
492
501
495
5335
6789
3837
3842
6671
3853
3843
6790
3773
6786
3789
3820
7965
3841
6787
6785
6533
3787
3793
3845
3828
8123
8119
6529
6669
3830
6528
3809
510
499
496
491
492
501
495
5335
6789
3837
3842
6671
3853
3843
6790
3773
6786
3789
3820
7965
3841
6787
6785
6533
3787
3793
3845
3828
8123
8119
6529
6669
3830
6528
3809
510
499
496
491
492
501
495
5335
6789
3837
3842
6671
3853
3843
6790
3773
6786
3789
3820
7965
3841
6787
6785
6533
3787
3793
3845
3828
8123
8119
6529
6669
3830
6528
3809
510
499
496
491
492
501
495
5335
6789
3837
3842
6671
3853
3843
6790
3773
6786
3789
3820
7965
3841
6787
6785
6533
3787
3793
3845
3828
8123
8119
6529
6669
3830
6528
3809
510
499
496
491
492
501
495
5335
6789
3837
3842
6671
3853
3843
6790
3773
6786
3789
3820
7965
3841
6787
6785
6533
3787
3793
3845
3828
8123
8119
6529
6669
3830
6528
3809
510
499
496
491
492
501
495
5335
6789
3837
3842
6671
3853
3843
6790
3773
6786
3789
3820
7965
3841
6787
6785
6533
3787
3793
3845
3828
8123
8119
6529
6669
3830
6528
3809
510
499
496
491
492
501
495
5335
6789
3837
3842
6671
3853
3843
6790
3773
6786
3789
3820
7965
3841
6787
6785
6533
3787
3793
3845
3828
8123
8119
6529
6669
3830
6528
3809
510
499
496
491
492
501
495
5335
6789
3837
3842
6671
3853
3843
6790
3773
6786
3789
3820
7965
3841
6787
6785
6533
3787
3793
3845
3828
8123
8119
6529
6669
3830
6528
3809
510
499
496
491
492
501
495
5335
6789
3837
3842
6671
3853
3843
6790
3773
6786
3789
3820
7965
3841
6787
6785
6533
3787
3793
3845
3828
8123
8119
6529
6669
3830
6528
3809
510
499
496
491
492
501
495
5335
6789
3837
3842
6671
3853
3843
6790
3773
6786
3789
3820
7965
3841
6787
6785
6533
3787
3793
3845
3828
8123
8119
6529
6669
3830
6528
3809
510
499
496
491
492
501
495
5335
6789
3837
3842
6671
3853
3843
6790
3773
6786
3789
3820
7965
3841
6787
6785
6533
3787
3793
3845
3828
8123
8119
6529
6669
3830
6528
3809
510
499
496
491
492
501
495
5335
6789
3837
3842
6671
3853
3843
6790
3773
6786
3789
3820
7965
3841
6787
6785
6533
3787
3793
3845
3828
8123
8119
6529
6669
3830
6528
3809
510
499
496
491
492
501
495
5335
6789
3837
3842
6671
3853
3843
6790
3773
6786
3789
3820
7965
3841
6787
6785
6533
3787
3793
3845
3828
8123
8119
6529
6669
3830
6528
3809
510
499
496
491
492
501
495
5335
6789
3837
3842
6671
3853
3843
6790
3773
6786
3789
3820
7965
3841
6787
6785
6533
3787
3793
3845
3828
8123
8119
6529
6669
3830
6528
3809
510
499
496
491
492
501
495
5335
6789
3837
3842
6671
3853
3843
6790
3773
6786
3789
3820
7965
3841
6787
6785
6533
3787
3793
3845
3828
8123
8119
6529
6669
3830
6528
3809
510
499
496
491
492
501
495
5335
6789
3837
3842
6671
3853
3843
6790
3773
6786
3789
3820
7965
3841
6787
6785
6533
3787
3793
3845
3828
8123
8119
6529
6669
3830
6528
3809
510
499
496
491
492
501
495
5335
6789
3837
3842
6671
3853
3843
6790
3773
6786
3789
3820
7965
3841
6787
6785
6533
3787
3793
3845
3828
8123
8119
6529
6669
3830
6528
3809
510
499
496
491
492
501
495
5335
6789
3837
3842
6671
3853
3843
6790
3773
6786
3789
3820
7965
3841
6787
6785
6533
3787
3793
3845
3828
8123
8119
6529
6669
3830
6528
3809
510
499
496
491
492
501
495
5335
6789
3837
3842
6671
3853
3843
6790
3773
6786
3789
3820
7965
3841
6787
6785
6533
3787
3793
3845
3828
8123
8119
6529
6669
3830
6528
3809
510
499
496
491
492
501
495
5335
6789
3837
3842
6671
3853
3843
6790
3773
6786
3789
3820
7965
3841
6787
6785
6533
3787
3793
3845
3828
8123
8119
6529
6669
3830
6528
3809
510
499
496
491
492
501
495
5335
6789
3837
3842
6671
3853
3843
6790
3773
6786
3789
3820
7965
3841
6787
6785
6533
3787
3793
3845
3828
8123
8119
6529
6669
3830
6528
3809
510
499
496
491
492
501
495
5335
6789
3837
3842
6671
3853
3843
6790
3773
6786
3789
3820
7965
3841
6787
6785
6533
3787
3793
3845
3828
8123
8119
6529
6669
3830
6528
3809
510
499
496
491
492
501
495
5335
6789
3837
3842
6671
3853
3843
6790
3773
6786
3789
3820
7965
3841
6787
6785
6533
3787
3793
3845
3828
8123
8119
6529
6669
3830
6528
3809
510
499
496
491
492
501
495
5335
6789
3837
3842
6671
3853
3843
6790
3773
6786
3789
3820
7965
3841
6787
6785
6533
3787
3793
3845
3828
8123
8119
6529
6669
3830
6528
3809
510
499
496
491
492
501
495
5335
6789
3837
3842
6671
3853
3843
6790
3773
6786
3789
3820
7965
3841
6787
6785
6533
3787
3793
3845
3828
8123
8119
6529
6669
3830
6528
3809
510
499
496
491
492
501
495
5335
6789
3837
3842
6671
3853
3843
6790
3773
6786
3789
3820
7965
3841
6787
6785
6533
3787
3793
3845
3828
8123
8119
6529
6669
3830
6528
3809
510
499
496
491
492
501
495
5335
6789
3837
3842
6671
3853
3843
6790
3773
6786
3789
3820
7965
3841
6787
6785
6533
3787
3793
3845
3828
8123
8119
6529
6669
3830
6528
3809
510
499
496
491
492
501
495
5335
6789
3837
3842
6671
3853
3843
6790
3773
6786
3789
3820
7965
3841
6787
6785
6533
3787
3793
3845
3828
8123
8119
6529
6669
3830
6528
3809
510
499
496
491
492
501
495
5335
6789
3837
3842
6671
3853
3843
6790
3773
6786
3789
3820
7965
3841
6787
6785
6533
3787
3793
3845
3828
8123
8119
6529
6669
3830
6528
3809
510
499
496
491
492
501
495
5335
6789
3837
3842
6671
3853
3843
6790
3773
6786
3789
3820
7965
3841
6787
6785
6533
3787
3793
3845
3828
8123
8119
6529
6669
3830
6528
3809
510
499
496
491
492
501
495
5335
6789
3837
3842
6671
3853
3843
6790
3773
6786
3789
3820
7965
3841
6787
6785
6533
3787
3793
3845
3828
8123
8119
6529
6669
3830
6528
3809
510
499
496
491
492
501
495
5335
6789
3837
3842
6671
3853
3843
6790
3773
6786
3789
3820
7965
3841
6787
6785
6533
3787
3793
3845
3828
8123
8119
6529
6669
3830
6528
3809
510
499
496
491
492
501
495
5335
6789
3837
3842
6671
3853
3843
6790
3773
6786
3789
3820
7965
3841
6787
6785
6533
3787
3793
3845
3828
8123
8119
6529
6669
3830
6528
3809
510
499
496
491
492
501
495
5335
6789
3837
3842
6671
3853
3843
6790
3773
6786
3789
3820
7965
3841
6787
6785
6533
3787
3793
3845
3828
8123
8119
6529
6669
3830
6528
3809
510
499
496
491
492
501
495
5335
6789
3837
3842
6671
3853
3843
6790
3773
6786
3789
3820
7965
3841
6787
6785
6533
3787
3793
3845
3828
8123
8119
6529
6669
3830
6528
3809
510
499
496
491
492
501
495
5335
6789
3837
3842
6671
3853
3843
6790
3773
6786
3789
3820
7965
3841
6787
6785
6533
3787
3793
3845
3828
8123
8119
6529
6669
3830
6528
3809
