4155
4406
4424
4489
4514
6728
4515
4502
6727
4427
4412
2146
5683
4491
4497
4402
4505
4388
4511
1298
4421
3636
4789
4492
4393
6731
6730
3591
4105
5983
1306
4486
1519
2293
4513
4155
4406
4424
4489
4514
6728
4515
4502
6727
4427
4412
2146
5683
4491
4497
4402
4505
4388
4511
1298
4421
3636
4789
4492
4393
6731
6730
3591
4105
5983
1306
4486
1519
2293
4513
4155
4406
4424
4489
4514
6728
4515
4502
6727
4427
4412
2146
5683
4491
4497
4402
4505
4388
4511
1298
4421
3636
4789
4492
4393
6731
6730
3591
4105
5983
1306
4486
1519
2293
4513
4155
4406
4424
4489
4514
6728
4515
4502
6727
4427
4412
2146
5683
4491
4497
4402
4505
4388
4511
1298
4421
3636
4789
4492
4393
6731
6730
3591
4105
5983
1306
4486
1519
2293
4513
4155
4406
4424
4489
4514
6728
4515
4502
6727
4427
4412
2146
5683
4491
4497
4402
4505
4388
4511
1298
4421
3636
4789
4492
4393
6731
6730
3591
4105
5983
1306
4486
1519
2293
4513
4155
4406
4424
4489
4514
6728
4515
4502
6727
4427
4412
2146
5683
4491
4497
4402
4505
4388
4511
1298
4421
3636
4789
4492
4393
6731
6730
3591
4105
5983
1306
4486
1519
2293
4513
4155
4406
4424
4489
4514
6728
4515
4502
6727
4427
4412
2146
5683
4491
4497
4402
4505
4388
4511
1298
4421
3636
4789
4492
4393
6731
6730
3591
4105
5983
1306
4486
1519
2293
4513
4155
4406
4424
4489
4514
6728
4515
4502
6727
4427
4412
2146
5683
4491
4497
4402
4505
4388
4511
1298
4421
3636
4789
4492
4393
6731
6730
3591
4105
5983
1306
4486
1519
2293
4513
4155
4406
4424
4489
4514
6728
4515
4502
6727
4427
4412
2146
5683
4491
4497
4402
4505
4388
4511
1298
4421
3636
4789
4492
4393
6731
6730
3591
4105
5983
1306
4486
1519
2293
4513
4155
4406
4424
4489
4514
6728
4515
4502
6727
4427
4412
2146
5683
4491
4497
4402
4505
4388
4511
1298
4421
3636
4789
4492
4393
6731
6730
3591
4105
5983
1306
4486
1519
2293
4513
4155
4406
4424
4489
4514
6728
4515
4502
6727
4427
4412
2146
5683
4491
4497
4402
4505
4388
4511
1298
4421
3636
4789
4492
4393
6731
6730
3591
4105
5983
1306
4486
1519
2293
4513
4155
4406
4424
4489
4514
6728
4515
4502
6727
4427
4412
2146
5683
4491
4497
4402
4505
4388
4511
1298
4421
3636
4789
4492
4393
6731
6730
3591
4105
5983
1306
4486
1519
2293
4513
4155
4406
4424
4489
4514
6728
4515
4502
6727
4427
4412
2146
5683
4491
4497
4402
4505
4388
4511
1298
4421
3636
4789
4492
4393
6731
6730
3591
4105
5983
1306
4486
1519
2293
4513
4155
4406
4424
4489
4514
6728
4515
4502
6727
4427
4412
2146
5683
4491
4497
4402
4505
4388
4511
1298
4421
3636
4789
4492
4393
6731
6730
3591
4105
5983
1306
4486
1519
2293
4513
4155
4406
4424
4489
4514
6728
4515
4502
6727
4427
4412
2146
5683
4491
4497
4402
4505
4388
4511
1298
4421
3636
4789
4492
4393
6731
6730
3591
4105
5983
1306
4486
1519
2293
4513
4155
4406
4424
4489
4514
6728
4515
4502
6727
4427
4412
2146
5683
4491
4497
4402
4505
4388
4511
1298
4421
3636
4789
4492
4393
6731
6730
3591
4105
5983
1306
4486
1519
2293
4513
4155
4406
4424
4489
4514
6728
4515
4502
6727
4427
4412
2146
5683
4491
4497
4402
4505
4388
4511
1298
4421
3636
4789
4492
4393
6731
6730
3591
4105
5983
1306
4486
1519
2293
4513
4155
4406
4424
4489
4514
6728
4515
4502
6727
4427
4412
2146
5683
4491
4497
4402
4505
4388
4511
1298
4421
3636
4789
4492
4393
6731
6730
3591
4105
5983
1306
4486
1519
2293
4513
4155
4406
4424
4489
4514
6728
4515
4502
6727
4427
4412
2146
5683
4491
4497
4402
4505
4388
4511
1298
4421
3636
4789
4492
4393
6731
6730
3591
4105
5983
1306
4486
1519
2293
4513
4155
4406
4424
4489
4514
6728
4515
4502
6727
4427
4412
2146
5683
4491
4497
4402
4505
4388
4511
1298
4421
3636
4789
4492
4393
6731
6730
3591
4105
5983
1306
4486
1519
2293
4513
4155
4406
4424
4489
4514
6728
4515
4502
6727
4427
4412
2146
5683
4491
4497
4402
4505
4388
4511
1298
4421
3636
4789
4492
4393
6731
6730
3591
4105
5983
1306
4486
1519
2293
4513
4155
4406
4424
4489
4514
6728
4515
4502
6727
4427
4412
2146
5683
4491
4497
4402
4505
4388
4511
1298
4421
3636
4789
4492
4393
6731
6730
3591
4105
5983
1306
4486
1519
2293
4513
4155
4406
4424
4489
4514
6728
4515
4502
6727
4427
4412
2146
5683
4491
4497
4402
4505
4388
4511
1298
4421
3636
4789
4492
4393
6731
6730
3591
4105
5983
1306
4486
1519
2293
4513
4155
4406
4424
4489
4514
6728
4515
4502
6727
4427
4412
2146
5683
4491
4497
4402
4505
4388
4511
1298
4421
3636
4789
4492
4393
6731
6730
3591
4105
5983
1306
4486
1519
2293
4513
4155
4406
4424
4489
4514
6728
4515
4502
6727
4427
4412
2146
5683
4491
4497
4402
4505
4388
4511
1298
4421
3636
4789
4492
4393
6731
6730
3591
4105
5983
1306
4486
1519
2293
4513
4155
4406
4424
4489
4514
6728
4515
4502
6727
4427
4412
2146
5683
4491
4497
4402
4505
4388
4511
1298
4421
3636
4789
4492
4393
6731
6730
3591
4105
5983
1306
4486
1519
2293
4513
4155
4406
4424
4489
4514
6728
4515
4502
6727
4427
4412
2146
5683
4491
4497
4402
4505
4388
4511
1298
4421
3636
4789
4492
4393
6731
6730
3591
4105
5983
1306
4486
1519
2293
4513
4155
4406
4424
4489
4514
6728
4515
4502
6727
4427
4412
2146
5683
4491
4497
4402
4505
4388
4511
1298
4421
3636
4789
4492
4393
6731
6730
3591
4105
5983
1306
4486
1519
2293
4513
4155
4406
4424
4489
4514
6728
4515
4502
6727
4427
4412
2146
5683
4491
4497
4402
4505
4388
4511
1298
4421
3636
4789
4492
4393
6731
6730
3591
4105
5983
1306
4486
1519
2293
4513
4155
4406
4424
4489
4514
6728
4515
4502
6727
4427
4412
2146
5683
4491
4497
4402
4505
4388
4511
1298
4421
3636
4789
4492
4393
6731
6730
3591
4105
5983
1306
4486
1519
2293
4513
4155
4406
4424
4489
4514
6728
4515
4502
6727
4427
4412
2146
5683
4491
4497
4402
4505
4388
4511
1298
4421
3636
4789
4492
4393
6731
6730
3591
4105
5983
1306
4486
1519
2293
4513
4155
4406
4424
4489
4514
6728
4515
4502
6727
4427
4412
2146
5683
4491
4497
4402
4505
4388
4511
1298
4421
3636
4789
4492
4393
6731
6730
3591
4105
5983
1306
4486
1519
2293
4513
4155
4406
4424
4489
4514
6728
4515
4502
6727
4427
4412
2146
5683
4491
4497
4402
4505
4388
4511
1298
4421
3636
4789
4492
4393
6731
6730
3591
4105
5983
1306
4486
1519
2293
4513
4155
4406
4424
4489
4514
6728
4515
4502
6727
4427
4412
2146
5683
4491
4497
4402
4505
4388
4511
1298
4421
3636
4789
4492
4393
6731
6730
3591
4105
5983
1306
4486
1519
2293
4513
4155
4406
4424
4489
4514
6728
4515
4502
6727
4427
4412
2146
5683
4491
4497
4402
4505
4388
4511
1298
4421
3636
4789
4492
4393
6731
6730
3591
4105
5983
1306
4486
1519
2293
4513
4155
4406
4424
4489
4514
6728
4515
4502
6727
4427
4412
2146
5683
4491
4497
4402
4505
4388
4511
1298
4421
3636
4789
4492
4393
6731
6730
3591
4105
5983
1306
4486
1519
2293
4513
4155
4406
4424
4489
4514
6728
4515
4502
6727
4427
4412
2146
5683
4491
4497
4402
4505
4388
4511
1298
4421
3636
4789
4492
4393
6731
6730
3591
4105
5983
1306
4486
1519
2293
4513
4155
4406
4424
4489
4514
6728
4515
4502
6727
4427
4412
2146
5683
4491
4497
4402
4505
4388
4511
1298
4421
3636
4789
4492
4393
6731
6730
3591
4105
5983
1306
4486
1519
2293
4513
4155
4406
4424
4489
4514
6728
4515
4502
6727
4427
4412
2146
5683
4491
4497
4402
4505
4388
4511
1298
4421
3636
4789
4492
4393
6731
6730
3591
4105
5983
1306
4486
1519
2293
4513
4155
4406
4424
4489
4514
6728
4515
4502
6727
4427
4412
2146
5683
4491
4497
4402
4505
4388
4511
1298
4421
3636
4789
4492
4393
6731
6730
3591
4105
5983
1306
4486
1519
2293
4513
4155
4406
4424
4489
4514
6728
4515
4502
6727
4427
4412
2146
5683
4491
4497
4402
4505
4388
4511
1298
4421
3636
4789
4492
4393
6731
6730
3591
4105
5983
1306
4486
1519
2293
4513
4155
4406
4424
4489
4514
6728
4515
4502
6727
4427
4412
2146
5683
4491
4497
4402
4505
4388
4511
1298
4421
3636
4789
4492
4393
6731
6730
3591
4105
5983
1306
4486
1519
2293
4513
4155
4406
4424
4489
4514
6728
4515
4502
6727
4427
4412
2146
5683
4491
4497
4402
4505
4388
4511
1298
4421
3636
4789
4492
4393
6731
6730
3591
4105
5983
1306
4486
1519
2293
4513
4155
4406
4424
4489
4514
6728
4515
4502
6727
4427
4412
2146
5683
4491
4497
4402
4505
4388
4511
1298
4421
3636
4789
4492
4393
6731
6730
3591
4105
5983
1306
4486
1519
2293
4513
4155
4406
4424
4489
4514
6728
4515
4502
6727
4427
4412
2146
5683
4491
4497
4402
4505
4388
4511
1298
4421
3636
4789
4492
4393
6731
6730
3591
4105
5983
1306
4486
1519
2293
4513
4155
4406
4424
4489
4514
6728
4515
4502
6727
4427
4412
2146
5683
4491
4497
4402
4505
4388
4511
1298
4421
3636
4789
4492
4393
6731
6730
3591
4105
5983
1306
4486
1519
2293
4513
4155
4406
4424
4489
4514
6728
4515
4502
6727
4427
4412
2146
5683
4491
4497
4402
4505
4388
4511
1298
4421
3636
4789
4492
4393
6731
6730
3591
4105
5983
1306
4486
1519
2293
4513
4155
4406
4424
4489
4514
6728
4515
4502
6727
4427
4412
2146
5683
4491
4497
4402
4505
4388
4511
1298
4421
3636
4789
4492
4393
6731
6730
3591
4105
5983
1306
4486
1519
2293
4513
4155
4406
4424
4489
4514
6728
4515
4502
6727
4427
4412
2146
5683
4491
4497
4402
4505
4388
4511
1298
4421
3636
4789
4492
4393
6731
6730
3591
4105
5983
1306
4486
1519
2293
4513
4155
4406
4424
4489
4514
6728
4515
4502
6727
4427
4412
2146
5683
4491
4497
4402
4505
4388
4511
1298
4421
3636
4789
4492
4393
6731
6730
3591
4105
5983
1306
4486
1519
2293
4513
