4155
1224
4501
4595
4483
4596
5659
4490
4571
4584
1325
4504
4573
4592
4587
1173
4579
4498
4479
6798
4464
6800
3594
3635
4861
4574
4470
1218
5427
6039
1608
1335
4492
4499
4478
4155
1224
4501
4595
4483
4596
5659
4490
4571
4584
1325
4504
4573
4592
4587
1173
4579
4498
4479
6798
4464
6800
3594
3635
4861
4574
4470
1218
5427
6039
1608
1335
4492
4499
4478
4155
1224
4501
4595
4483
4596
5659
4490
4571
4584
1325
4504
4573
4592
4587
1173
4579
4498
4479
6798
4464
6800
3594
3635
4861
4574
4470
1218
5427
6039
1608
1335
4492
4499
4478
4155
1224
4501
4595
4483
4596
5659
4490
4571
4584
1325
4504
4573
4592
4587
1173
4579
4498
4479
6798
4464
6800
3594
3635
4861
4574
4470
1218
5427
6039
1608
1335
4492
4499
4478
4155
1224
4501
4595
4483
4596
5659
4490
4571
4584
1325
4504
4573
4592
4587
1173
4579
4498
4479
6798
4464
6800
3594
3635
4861
4574
4470
1218
5427
6039
1608
1335
4492
4499
4478
4155
1224
4501
4595
4483
4596
5659
4490
4571
4584
1325
4504
4573
4592
4587
1173
4579
4498
4479
6798
4464
6800
3594
3635
4861
4574
4470
1218
5427
6039
1608
1335
4492
4499
4478
4155
1224
4501
4595
4483
4596
5659
4490
4571
4584
1325
4504
4573
4592
4587
1173
4579
4498
4479
6798
4464
6800
3594
3635
4861
4574
4470
1218
5427
6039
1608
1335
4492
4499
4478
4155
1224
4501
4595
4483
4596
5659
4490
4571
4584
1325
4504
4573
4592
4587
1173
4579
4498
4479
6798
4464
6800
3594
3635
4861
4574
4470
1218
5427
6039
1608
1335
4492
4499
4478
4155
1224
4501
4595
4483
4596
5659
4490
4571
4584
1325
4504
4573
4592
4587
1173
4579
4498
4479
6798
4464
6800
3594
3635
4861
4574
4470
1218
5427
6039
1608
1335
4492
4499
4478
4155
1224
4501
4595
4483
4596
5659
4490
4571
4584
1325
4504
4573
4592
4587
1173
4579
4498
4479
6798
4464
6800
3594
3635
4861
4574
4470
1218
5427
6039
1608
1335
4492
4499
4478
4155
1224
4501
4595
4483
4596
5659
4490
4571
4584
1325
4504
4573
4592
4587
1173
4579
4498
4479
6798
4464
6800
3594
3635
4861
4574
4470
1218
5427
6039
1608
1335
4492
4499
4478
4155
1224
4501
4595
4483
4596
5659
4490
4571
4584
1325
4504
4573
4592
4587
1173
4579
4498
4479
6798
4464
6800
3594
3635
4861
4574
4470
1218
5427
6039
1608
1335
4492
4499
4478
4155
1224
4501
4595
4483
4596
5659
4490
4571
4584
1325
4504
4573
4592
4587
1173
4579
4498
4479
6798
4464
6800
3594
3635
4861
4574
4470
1218
5427
6039
1608
1335
4492
4499
4478
4155
1224
4501
4595
4483
4596
5659
4490
4571
4584
1325
4504
4573
4592
4587
1173
4579
4498
4479
6798
4464
6800
3594
3635
4861
4574
4470
1218
5427
6039
1608
1335
4492
4499
4478
4155
1224
4501
4595
4483
4596
5659
4490
4571
4584
1325
4504
4573
4592
4587
1173
4579
4498
4479
6798
4464
6800
3594
3635
4861
4574
4470
1218
5427
6039
1608
1335
4492
4499
4478
4155
1224
4501
4595
4483
4596
5659
4490
4571
4584
1325
4504
4573
4592
4587
1173
4579
4498
4479
6798
4464
6800
3594
3635
4861
4574
4470
1218
5427
6039
1608
1335
4492
4499
4478
4155
1224
4501
4595
4483
4596
5659
4490
4571
4584
1325
4504
4573
4592
4587
1173
4579
4498
4479
6798
4464
6800
3594
3635
4861
4574
4470
1218
5427
6039
1608
1335
4492
4499
4478
4155
1224
4501
4595
4483
4596
5659
4490
4571
4584
1325
4504
4573
4592
4587
1173
4579
4498
4479
6798
4464
6800
3594
3635
4861
4574
4470
1218
5427
6039
1608
1335
4492
4499
4478
4155
1224
4501
4595
4483
4596
5659
4490
4571
4584
1325
4504
4573
4592
4587
1173
4579
4498
4479
6798
4464
6800
3594
3635
4861
4574
4470
1218
5427
6039
1608
1335
4492
4499
4478
4155
1224
4501
4595
4483
4596
5659
4490
4571
4584
1325
4504
4573
4592
4587
1173
4579
4498
4479
6798
4464
6800
3594
3635
4861
4574
4470
1218
5427
6039
1608
1335
4492
4499
4478
4155
1224
4501
4595
4483
4596
5659
4490
4571
4584
1325
4504
4573
4592
4587
1173
4579
4498
4479
6798
4464
6800
3594
3635
4861
4574
4470
1218
5427
6039
1608
1335
4492
4499
4478
4155
1224
4501
4595
4483
4596
5659
4490
4571
4584
1325
4504
4573
4592
4587
1173
4579
4498
4479
6798
4464
6800
3594
3635
4861
4574
4470
1218
5427
6039
1608
1335
4492
4499
4478
4155
1224
4501
4595
4483
4596
5659
4490
4571
4584
1325
4504
4573
4592
4587
1173
4579
4498
4479
6798
4464
6800
3594
3635
4861
4574
4470
1218
5427
6039
1608
1335
4492
4499
4478
4155
1224
4501
4595
4483
4596
5659
4490
4571
4584
1325
4504
4573
4592
4587
1173
4579
4498
4479
6798
4464
6800
3594
3635
4861
4574
4470
1218
5427
6039
1608
1335
4492
4499
4478
4155
1224
4501
4595
4483
4596
5659
4490
4571
4584
1325
4504
4573
4592
4587
1173
4579
4498
4479
6798
4464
6800
3594
3635
4861
4574
4470
1218
5427
6039
1608
1335
4492
4499
4478
4155
1224
4501
4595
4483
4596
5659
4490
4571
4584
1325
4504
4573
4592
4587
1173
4579
4498
4479
6798
4464
6800
3594
3635
4861
4574
4470
1218
5427
6039
1608
1335
4492
4499
4478
4155
1224
4501
4595
4483
4596
5659
4490
4571
4584
1325
4504
4573
4592
4587
1173
4579
4498
4479
6798
4464
6800
3594
3635
4861
4574
4470
1218
5427
6039
1608
1335
4492
4499
4478
4155
1224
4501
4595
4483
4596
5659
4490
4571
4584
1325
4504
4573
4592
4587
1173
4579
4498
4479
6798
4464
6800
3594
3635
4861
4574
4470
1218
5427
6039
1608
1335
4492
4499
4478
4155
1224
4501
4595
4483
4596
5659
4490
4571
4584
1325
4504
4573
4592
4587
1173
4579
4498
4479
6798
4464
6800
3594
3635
4861
4574
4470
1218
5427
6039
1608
1335
4492
4499
4478
4155
1224
4501
4595
4483
4596
5659
4490
4571
4584
1325
4504
4573
4592
4587
1173
4579
4498
4479
6798
4464
6800
3594
3635
4861
4574
4470
1218
5427
6039
1608
1335
4492
4499
4478
4155
1224
4501
4595
4483
4596
5659
4490
4571
4584
1325
4504
4573
4592
4587
1173
4579
4498
4479
6798
4464
6800
3594
3635
4861
4574
4470
1218
5427
6039
1608
1335
4492
4499
4478
4155
1224
4501
4595
4483
4596
5659
4490
4571
4584
1325
4504
4573
4592
4587
1173
4579
4498
4479
6798
4464
6800
3594
3635
4861
4574
4470
1218
5427
6039
1608
1335
4492
4499
4478
4155
1224
4501
4595
4483
4596
5659
4490
4571
4584
1325
4504
4573
4592
4587
1173
4579
4498
4479
6798
4464
6800
3594
3635
4861
4574
4470
1218
5427
6039
1608
1335
4492
4499
4478
4155
1224
4501
4595
4483
4596
5659
4490
4571
4584
1325
4504
4573
4592
4587
1173
4579
4498
4479
6798
4464
6800
3594
3635
4861
4574
4470
1218
5427
6039
1608
1335
4492
4499
4478
4155
1224
4501
4595
4483
4596
5659
4490
4571
4584
1325
4504
4573
4592
4587
1173
4579
4498
4479
6798
4464
6800
3594
3635
4861
4574
4470
1218
5427
6039
1608
1335
4492
4499
4478
4155
1224
4501
4595
4483
4596
5659
4490
4571
4584
1325
4504
4573
4592
4587
1173
4579
4498
4479
6798
4464
6800
3594
3635
4861
4574
4470
1218
5427
6039
1608
1335
4492
4499
4478
4155
1224
4501
4595
4483
4596
5659
4490
4571
4584
1325
4504
4573
4592
4587
1173
4579
4498
4479
6798
4464
6800
3594
3635
4861
4574
4470
1218
5427
6039
1608
1335
4492
4499
4478
4155
1224
4501
4595
4483
4596
5659
4490
4571
4584
1325
4504
4573
4592
4587
1173
4579
4498
4479
6798
4464
6800
3594
3635
4861
4574
4470
1218
5427
6039
1608
1335
4492
4499
4478
4155
1224
4501
4595
4483
4596
5659
4490
4571
4584
1325
4504
4573
4592
4587
1173
4579
4498
4479
6798
4464
6800
3594
3635
4861
4574
4470
1218
5427
6039
1608
1335
4492
4499
4478
4155
1224
4501
4595
4483
4596
5659
4490
4571
4584
1325
4504
4573
4592
4587
1173
4579
4498
4479
6798
4464
6800
3594
3635
4861
4574
4470
1218
5427
6039
1608
1335
4492
4499
4478
4155
1224
4501
4595
4483
4596
5659
4490
4571
4584
1325
4504
4573
4592
4587
1173
4579
4498
4479
6798
4464
6800
3594
3635
4861
4574
4470
1218
5427
6039
1608
1335
4492
4499
4478
4155
1224
4501
4595
4483
4596
5659
4490
4571
4584
1325
4504
4573
4592
4587
1173
4579
4498
4479
6798
4464
6800
3594
3635
4861
4574
4470
1218
5427
6039
1608
1335
4492
4499
4478
4155
1224
4501
4595
4483
4596
5659
4490
4571
4584
1325
4504
4573
4592
4587
1173
4579
4498
4479
6798
4464
6800
3594
3635
4861
4574
4470
1218
5427
6039
1608
1335
4492
4499
4478
4155
1224
4501
4595
4483
4596
5659
4490
4571
4584
1325
4504
4573
4592
4587
1173
4579
4498
4479
6798
4464
6800
3594
3635
4861
4574
4470
1218
5427
6039
1608
1335
4492
4499
4478
4155
1224
4501
4595
4483
4596
5659
4490
4571
4584
1325
4504
4573
4592
4587
1173
4579
4498
4479
6798
4464
6800
3594
3635
4861
4574
4470
1218
5427
6039
1608
1335
4492
4499
4478
4155
1224
4501
4595
4483
4596
5659
4490
4571
4584
1325
4504
4573
4592
4587
1173
4579
4498
4479
6798
4464
6800
3594
3635
4861
4574
4470
1218
5427
6039
1608
1335
4492
4499
4478
4155
1224
4501
4595
4483
4596
5659
4490
4571
4584
1325
4504
4573
4592
4587
1173
4579
4498
4479
6798
4464
6800
3594
3635
4861
4574
4470
1218
5427
6039
1608
1335
4492
4499
4478
4155
1224
4501
4595
4483
4596
5659
4490
4571
4584
1325
4504
4573
4592
4587
1173
4579
4498
4479
6798
4464
6800
3594
3635
4861
4574
4470
1218
5427
6039
1608
1335
4492
4499
4478
4155
1224
4501
4595
4483
4596
5659
4490
4571
4584
1325
4504
4573
4592
4587
1173
4579
4498
4479
6798
4464
6800
3594
3635
4861
4574
4470
1218
5427
6039
1608
1335
4492
4499
4478
4155
1224
4501
4595
4483
4596
5659
4490
4571
4584
1325
4504
4573
4592
4587
1173
4579
4498
4479
6798
4464
6800
3594
3635
4861
4574
4470
1218
5427
6039
1608
1335
4492
4499
4478
