3784
3090
2329
3087
3097
3096
3098
2332
2327
5120
5105
1322
199
195
2561
180
2444
176
194
5722
3798
6269
3086
4490
2011
6828
4992
5397
5379
3114
2006
8019
2853
2002
1312
202
7581
2432
7564
1311
3784
3090
2329
3087
3097
3096
3098
2332
2327
5120
5105
1322
199
195
2561
180
2444
176
194
5722
3798
6269
3086
4490
2011
6828
4992
5397
5379
3114
2006
8019
2853
2002
1312
202
7581
2432
7564
1311
3784
3090
2329
3087
3097
3096
3098
2332
2327
5120
5105
1322
199
195
2561
180
2444
176
194
5722
3798
6269
3086
4490
2011
6828
4992
5397
5379
3114
2006
8019
2853
2002
1312
202
7581
2432
7564
1311
3784
3090
2329
3087
3097
3096
3098
2332
2327
5120
5105
1322
199
195
2561
180
2444
176
194
5722
3798
6269
3086
4490
2011
6828
4992
5397
5379
3114
2006
8019
2853
2002
1312
202
7581
2432
7564
1311
3784
3090
2329
3087
3097
3096
3098
2332
2327
5120
5105
1322
199
195
2561
180
2444
176
194
5722
3798
6269
3086
4490
2011
6828
4992
5397
5379
3114
2006
8019
2853
2002
1312
202
7581
2432
7564
1311
3784
3090
2329
3087
3097
3096
3098
2332
2327
5120
5105
1322
199
195
2561
180
2444
176
194
5722
3798
6269
3086
4490
2011
6828
4992
5397
5379
3114
2006
8019
2853
2002
1312
202
7581
2432
7564
1311
3784
3090
2329
3087
3097
3096
3098
2332
2327
5120
5105
1322
199
195
2561
180
2444
176
194
5722
3798
6269
3086
4490
2011
6828
4992
5397
5379
3114
2006
8019
2853
2002
1312
202
7581
2432
7564
1311
3784
3090
2329
3087
3097
3096
3098
2332
2327
5120
5105
1322
199
195
2561
180
2444
176
194
5722
3798
6269
3086
4490
2011
6828
4992
5397
5379
3114
2006
8019
2853
2002
1312
202
7581
2432
7564
1311
3784
3090
2329
3087
3097
3096
3098
2332
2327
5120
5105
1322
199
195
2561
180
2444
176
194
5722
3798
6269
3086
4490
2011
6828
4992
5397
5379
3114
2006
8019
2853
2002
1312
202
7581
2432
7564
1311
3784
3090
2329
3087
3097
3096
3098
2332
2327
5120
5105
1322
199
195
2561
180
2444
176
194
5722
3798
6269
3086
4490
2011
6828
4992
5397
5379
3114
2006
8019
2853
2002
1312
202
7581
2432
7564
1311
3784
3090
2329
3087
3097
3096
3098
2332
2327
5120
5105
1322
199
195
2561
180
2444
176
194
5722
3798
6269
3086
4490
2011
6828
4992
5397
5379
3114
2006
8019
2853
2002
1312
202
7581
2432
7564
1311
3784
3090
2329
3087
3097
3096
3098
2332
2327
5120
5105
1322
199
195
2561
180
2444
176
194
5722
3798
6269
3086
4490
2011
6828
4992
5397
5379
3114
2006
8019
2853
2002
1312
202
7581
2432
7564
1311
3784
3090
2329
3087
3097
3096
3098
2332
2327
5120
5105
1322
199
195
2561
180
2444
176
194
5722
3798
6269
3086
4490
2011
6828
4992
5397
5379
3114
2006
8019
2853
2002
1312
202
7581
2432
7564
1311
3784
3090
2329
3087
3097
3096
3098
2332
2327
5120
5105
1322
199
195
2561
180
2444
176
194
5722
3798
6269
3086
4490
2011
6828
4992
5397
5379
3114
2006
8019
2853
2002
1312
202
7581
2432
7564
1311
3784
3090
2329
3087
3097
3096
3098
2332
2327
5120
5105
1322
199
195
2561
180
2444
176
194
5722
3798
6269
3086
4490
2011
6828
4992
5397
5379
3114
2006
8019
2853
2002
1312
202
7581
2432
7564
1311
3784
3090
2329
3087
3097
3096
3098
2332
2327
5120
5105
1322
199
195
2561
180
2444
176
194
5722
3798
6269
3086
4490
2011
6828
4992
5397
5379
3114
2006
8019
2853
2002
1312
202
7581
2432
7564
1311
3784
3090
2329
3087
3097
3096
3098
2332
2327
5120
5105
1322
199
195
2561
180
2444
176
194
5722
3798
6269
3086
4490
2011
6828
4992
5397
5379
3114
2006
8019
2853
2002
1312
202
7581
2432
7564
1311
3784
3090
2329
3087
3097
3096
3098
2332
2327
5120
5105
1322
199
195
2561
180
2444
176
194
5722
3798
6269
3086
4490
2011
6828
4992
5397
5379
3114
2006
8019
2853
2002
1312
202
7581
2432
7564
1311
3784
3090
2329
3087
3097
3096
3098
2332
2327
5120
5105
1322
199
195
2561
180
2444
176
194
5722
3798
6269
3086
4490
2011
6828
4992
5397
5379
3114
2006
8019
2853
2002
1312
202
7581
2432
7564
1311
3784
3090
2329
3087
3097
3096
3098
2332
2327
5120
5105
1322
199
195
2561
180
2444
176
194
5722
3798
6269
3086
4490
2011
6828
4992
5397
5379
3114
2006
8019
2853
2002
1312
202
7581
2432
7564
1311
3784
3090
2329
3087
3097
3096
3098
2332
2327
5120
5105
1322
199
195
2561
180
2444
176
194
5722
3798
6269
3086
4490
2011
6828
4992
5397
5379
3114
2006
8019
2853
2002
1312
202
7581
2432
7564
1311
3784
3090
2329
3087
3097
3096
3098
2332
2327
5120
5105
1322
199
195
2561
180
2444
176
194
5722
3798
6269
3086
4490
2011
6828
4992
5397
5379
3114
2006
8019
2853
2002
1312
202
7581
2432
7564
1311
3784
3090
2329
3087
3097
3096
3098
2332
2327
5120
5105
1322
199
195
2561
180
2444
176
194
5722
3798
6269
3086
4490
2011
6828
4992
5397
5379
3114
2006
8019
2853
2002
1312
202
7581
2432
7564
1311
3784
3090
2329
3087
3097
3096
3098
2332
2327
5120
5105
1322
199
195
2561
180
2444
176
194
5722
3798
6269
3086
4490
2011
6828
4992
5397
5379
3114
2006
8019
2853
2002
1312
202
7581
2432
7564
1311
3784
3090
2329
3087
3097
3096
3098
2332
2327
5120
5105
1322
199
195
2561
180
2444
176
194
5722
3798
6269
3086
4490
2011
6828
4992
5397
5379
3114
2006
8019
2853
2002
1312
202
7581
2432
7564
1311
3784
3090
2329
3087
3097
3096
3098
2332
2327
5120
5105
1322
199
195
2561
180
2444
176
194
5722
3798
6269
3086
4490
2011
6828
4992
5397
5379
3114
2006
8019
2853
2002
1312
202
7581
2432
7564
1311
3784
3090
2329
3087
3097
3096
3098
2332
2327
5120
5105
1322
199
195
2561
180
2444
176
194
5722
3798
6269
3086
4490
2011
6828
4992
5397
5379
3114
2006
8019
2853
2002
1312
202
7581
2432
7564
1311
3784
3090
2329
3087
3097
3096
3098
2332
2327
5120
5105
1322
199
195
2561
180
2444
176
194
5722
3798
6269
3086
4490
2011
6828
4992
5397
5379
3114
2006
8019
2853
2002
1312
202
7581
2432
7564
1311
3784
3090
2329
3087
3097
3096
3098
2332
2327
5120
5105
1322
199
195
2561
180
2444
176
194
5722
3798
6269
3086
4490
2011
6828
4992
5397
5379
3114
2006
8019
2853
2002
1312
202
7581
2432
7564
1311
3784
3090
2329
3087
3097
3096
3098
2332
2327
5120
5105
1322
199
195
2561
180
2444
176
194
5722
3798
6269
3086
4490
2011
6828
4992
5397
5379
3114
2006
8019
2853
2002
1312
202
7581
2432
7564
1311
3784
3090
2329
3087
3097
3096
3098
2332
2327
5120
5105
1322
199
195
2561
180
2444
176
194
5722
3798
6269
3086
4490
2011
6828
4992
5397
5379
3114
2006
8019
2853
2002
1312
202
7581
2432
7564
1311
3784
3090
2329
3087
3097
3096
3098
2332
2327
5120
5105
1322
199
195
2561
180
2444
176
194
5722
3798
6269
3086
4490
2011
6828
4992
5397
5379
3114
2006
8019
2853
2002
1312
202
7581
2432
7564
1311
3784
3090
2329
3087
3097
3096
3098
2332
2327
5120
5105
1322
199
195
2561
180
2444
176
194
5722
3798
6269
3086
4490
2011
6828
4992
5397
5379
3114
2006
8019
2853
2002
1312
202
7581
2432
7564
1311
3784
3090
2329
3087
3097
3096
3098
2332
2327
5120
5105
1322
199
195
2561
180
2444
176
194
5722
3798
6269
3086
4490
2011
6828
4992
5397
5379
3114
2006
8019
2853
2002
1312
202
7581
2432
7564
1311
3784
3090
2329
3087
3097
3096
3098
2332
2327
5120
5105
1322
199
195
2561
180
2444
176
194
5722
3798
6269
3086
4490
2011
6828
4992
5397
5379
3114
2006
8019
2853
2002
1312
202
7581
2432
7564
1311
3784
3090
2329
3087
3097
3096
3098
2332
2327
5120
5105
1322
199
195
2561
180
2444
176
194
5722
3798
6269
3086
4490
2011
6828
4992
5397
5379
3114
2006
8019
2853
2002
1312
202
7581
2432
7564
1311
3784
3090
2329
3087
3097
3096
3098
2332
2327
5120
5105
1322
199
195
2561
180
2444
176
194
5722
3798
6269
3086
4490
2011
6828
4992
5397
5379
3114
2006
8019
2853
2002
1312
202
7581
2432
7564
1311
3784
3090
2329
3087
3097
3096
3098
2332
2327
5120
5105
1322
199
195
2561
180
2444
176
194
5722
3798
6269
3086
4490
2011
6828
4992
5397
5379
3114
2006
8019
2853
2002
1312
202
7581
2432
7564
1311
3784
3090
2329
3087
3097
3096
3098
2332
2327
5120
5105
1322
199
195
2561
180
2444
176
194
5722
3798
6269
3086
4490
2011
6828
4992
5397
5379
3114
2006
8019
2853
2002
1312
202
7581
2432
7564
1311
3784
3090
2329
3087
3097
3096
3098
2332
2327
5120
5105
1322
199
195
2561
180
2444
176
194
5722
3798
6269
3086
4490
2011
6828
4992
5397
5379
3114
2006
8019
2853
2002
1312
202
7581
2432
7564
1311
3784
3090
2329
3087
3097
3096
3098
2332
2327
5120
5105
1322
199
195
2561
180
2444
176
194
5722
3798
6269
3086
4490
2011
6828
4992
5397
5379
3114
2006
8019
2853
2002
1312
202
7581
2432
7564
1311
3784
3090
2329
3087
3097
3096
3098
2332
2327
5120
5105
1322
199
195
2561
180
2444
176
194
5722
3798
6269
3086
4490
2011
6828
4992
5397
5379
3114
2006
8019
2853
2002
1312
202
7581
2432
7564
1311
3784
3090
2329
3087
3097
3096
3098
2332
2327
5120
5105
1322
199
195
2561
180
2444
176
194
5722
3798
6269
3086
4490
2011
6828
4992
5397
5379
3114
2006
8019
2853
2002
1312
202
7581
2432
7564
1311
3784
3090
2329
3087
3097
3096
3098
2332
2327
5120
5105
1322
199
195
2561
180
2444
176
194
5722
3798
6269
3086
4490
2011
6828
4992
5397
5379
3114
2006
8019
2853
2002
1312
202
7581
2432
7564
1311
3784
3090
2329
3087
3097
3096
3098
2332
2327
5120
5105
1322
199
195
2561
180
2444
176
194
5722
3798
6269
3086
4490
2011
6828
4992
5397
5379
3114
2006
8019
2853
2002
1312
202
7581
2432
7564
1311
3784
3090
2329
3087
3097
3096
3098
2332
2327
5120
5105
1322
199
195
2561
180
2444
176
194
5722
3798
6269
3086
4490
2011
6828
4992
5397
5379
3114
2006
8019
2853
2002
1312
202
7581
2432
7564
1311
3784
3090
2329
3087
3097
3096
3098
2332
2327
5120
5105
1322
199
195
2561
180
2444
176
194
5722
3798
6269
3086
4490
2011
6828
4992
5397
5379
3114
2006
8019
2853
2002
1312
202
7581
2432
7564
1311
3784
3090
2329
3087
3097
3096
3098
2332
2327
5120
5105
1322
199
195
2561
180
2444
176
194
5722
3798
6269
3086
4490
2011
6828
4992
5397
5379
3114
2006
8019
2853
2002
1312
202
7581
2432
7564
1311
3784
3090
2329
3087
3097
3096
3098
2332
2327
5120
5105
1322
199
195
2561
180
2444
176
194
5722
3798
6269
3086
4490
2011
6828
4992
5397
5379
3114
2006
8019
2853
2002
1312
202
7581
2432
7564
1311
3784
3090
2329
3087
3097
3096
3098
2332
2327
5120
5105
1322
199
195
2561
180
2444
176
194
5722
3798
6269
3086
4490
2011
6828
4992
5397
5379
3114
2006
8019
2853
2002
1312
202
7581
2432
7564
1311
