4758
2737
4765
4951
4755
2740
4686
3621
2117
6752
2873
4763
2115
3625
5378
2896
2069
2736
3623
3549
3458
4764
6190
6186
6185
3622
3626
3371
3464
4759
2852
3619
2114
2893
3163
6184
6181
6177
2081
4590
4758
2737
4765
4951
4755
2740
4686
3621
2117
6752
2873
4763
2115
3625
5378
2896
2069
2736
3623
3549
3458
4764
6190
6186
6185
3622
3626
3371
3464
4759
2852
3619
2114
2893
3163
6184
6181
6177
2081
4590
4758
2737
4765
4951
4755
2740
4686
3621
2117
6752
2873
4763
2115
3625
5378
2896
2069
2736
3623
3549
3458
4764
6190
6186
6185
3622
3626
3371
3464
4759
2852
3619
2114
2893
3163
6184
6181
6177
2081
4590
4758
2737
4765
4951
4755
2740
4686
3621
2117
6752
2873
4763
2115
3625
5378
2896
2069
2736
3623
3549
3458
4764
6190
6186
6185
3622
3626
3371
3464
4759
2852
3619
2114
2893
3163
6184
6181
6177
2081
4590
4758
2737
4765
4951
4755
2740
4686
3621
2117
6752
2873
4763
2115
3625
5378
2896
2069
2736
3623
3549
3458
4764
6190
6186
6185
3622
3626
3371
3464
4759
2852
3619
2114
2893
3163
6184
6181
6177
2081
4590
4758
2737
4765
4951
4755
2740
4686
3621
2117
6752
2873
4763
2115
3625
5378
2896
2069
2736
3623
3549
3458
4764
6190
6186
6185
3622
3626
3371
3464
4759
2852
3619
2114
2893
3163
6184
6181
6177
2081
4590
4758
2737
4765
4951
4755
2740
4686
3621
2117
6752
2873
4763
2115
3625
5378
2896
2069
2736
3623
3549
3458
4764
6190
6186
6185
3622
3626
3371
3464
4759
2852
3619
2114
2893
3163
6184
6181
6177
2081
4590
4758
2737
4765
4951
4755
2740
4686
3621
2117
6752
2873
4763
2115
3625
5378
2896
2069
2736
3623
3549
3458
4764
6190
6186
6185
3622
3626
3371
3464
4759
2852
3619
2114
2893
3163
6184
6181
6177
2081
4590
4758
2737
4765
4951
4755
2740
4686
3621
2117
6752
2873
4763
2115
3625
5378
2896
2069
2736
3623
3549
3458
4764
6190
6186
6185
3622
3626
3371
3464
4759
2852
3619
2114
2893
3163
6184
6181
6177
2081
4590
4758
2737
4765
4951
4755
2740
4686
3621
2117
6752
2873
4763
2115
3625
5378
2896
2069
2736
3623
3549
3458
4764
6190
6186
6185
3622
3626
3371
3464
4759
2852
3619
2114
2893
3163
6184
6181
6177
2081
4590
4758
2737
4765
4951
4755
2740
4686
3621
2117
6752
2873
4763
2115
3625
5378
2896
2069
2736
3623
3549
3458
4764
6190
6186
6185
3622
3626
3371
3464
4759
2852
3619
2114
2893
3163
6184
6181
6177
2081
4590
4758
2737
4765
4951
4755
2740
4686
3621
2117
6752
2873
4763
2115
3625
5378
2896
2069
2736
3623
3549
3458
4764
6190
6186
6185
3622
3626
3371
3464
4759
2852
3619
2114
2893
3163
6184
6181
6177
2081
4590
4758
2737
4765
4951
4755
2740
4686
3621
2117
6752
2873
4763
2115
3625
5378
2896
2069
2736
3623
3549
3458
4764
6190
6186
6185
3622
3626
3371
3464
4759
2852
3619
2114
2893
3163
6184
6181
6177
2081
4590
4758
2737
4765
4951
4755
2740
4686
3621
2117
6752
2873
4763
2115
3625
5378
2896
2069
2736
3623
3549
3458
4764
6190
6186
6185
3622
3626
3371
3464
4759
2852
3619
2114
2893
3163
6184
6181
6177
2081
4590
4758
2737
4765
4951
4755
2740
4686
3621
2117
6752
2873
4763
2115
3625
5378
2896
2069
2736
3623
3549
3458
4764
6190
6186
6185
3622
3626
3371
3464
4759
2852
3619
2114
2893
3163
6184
6181
6177
2081
4590
4758
2737
4765
4951
4755
2740
4686
3621
2117
6752
2873
4763
2115
3625
5378
2896
2069
2736
3623
3549
3458
4764
6190
6186
6185
3622
3626
3371
3464
4759
2852
3619
2114
2893
3163
6184
6181
6177
2081
4590
4758
2737
4765
4951
4755
2740
4686
3621
2117
6752
2873
4763
2115
3625
5378
2896
2069
2736
3623
3549
3458
4764
6190
6186
6185
3622
3626
3371
3464
4759
2852
3619
2114
2893
3163
6184
6181
6177
2081
4590
4758
2737
4765
4951
4755
2740
4686
3621
2117
6752
2873
4763
2115
3625
5378
2896
2069
2736
3623
3549
3458
4764
6190
6186
6185
3622
3626
3371
3464
4759
2852
3619
2114
2893
3163
6184
6181
6177
2081
4590
4758
2737
4765
4951
4755
2740
4686
3621
2117
6752
2873
4763
2115
3625
5378
2896
2069
2736
3623
3549
3458
4764
6190
6186
6185
3622
3626
3371
3464
4759
2852
3619
2114
2893
3163
6184
6181
6177
2081
4590
4758
2737
4765
4951
4755
2740
4686
3621
2117
6752
2873
4763
2115
3625
5378
2896
2069
2736
3623
3549
3458
4764
6190
6186
6185
3622
3626
3371
3464
4759
2852
3619
2114
2893
3163
6184
6181
6177
2081
4590
4758
2737
4765
4951
4755
2740
4686
3621
2117
6752
2873
4763
2115
3625
5378
2896
2069
2736
3623
3549
3458
4764
6190
6186
6185
3622
3626
3371
3464
4759
2852
3619
2114
2893
3163
6184
6181
6177
2081
4590
4758
2737
4765
4951
4755
2740
4686
3621
2117
6752
2873
4763
2115
3625
5378
2896
2069
2736
3623
3549
3458
4764
6190
6186
6185
3622
3626
3371
3464
4759
2852
3619
2114
2893
3163
6184
6181
6177
2081
4590
4758
2737
4765
4951
4755
2740
4686
3621
2117
6752
2873
4763
2115
3625
5378
2896
2069
2736
3623
3549
3458
4764
6190
6186
6185
3622
3626
3371
3464
4759
2852
3619
2114
2893
3163
6184
6181
6177
2081
4590
4758
2737
4765
4951
4755
2740
4686
3621
2117
6752
2873
4763
2115
3625
5378
2896
2069
2736
3623
3549
3458
4764
6190
6186
6185
3622
3626
3371
3464
4759
2852
3619
2114
2893
3163
6184
6181
6177
2081
4590
4758
2737
4765
4951
4755
2740
4686
3621
2117
6752
2873
4763
2115
3625
5378
2896
2069
2736
3623
3549
3458
4764
6190
6186
6185
3622
3626
3371
3464
4759
2852
3619
2114
2893
3163
6184
6181
6177
2081
4590
4758
2737
4765
4951
4755
2740
4686
3621
2117
6752
2873
4763
2115
3625
5378
2896
2069
2736
3623
3549
3458
4764
6190
6186
6185
3622
3626
3371
3464
4759
2852
3619
2114
2893
3163
6184
6181
6177
2081
4590
4758
2737
4765
4951
4755
2740
4686
3621
2117
6752
2873
4763
2115
3625
5378
2896
2069
2736
3623
3549
3458
4764
6190
6186
6185
3622
3626
3371
3464
4759
2852
3619
2114
2893
3163
6184
6181
6177
2081
4590
4758
2737
4765
4951
4755
2740
4686
3621
2117
6752
2873
4763
2115
3625
5378
2896
2069
2736
3623
3549
3458
4764
6190
6186
6185
3622
3626
3371
3464
4759
2852
3619
2114
2893
3163
6184
6181
6177
2081
4590
4758
2737
4765
4951
4755
2740
4686
3621
2117
6752
2873
4763
2115
3625
5378
2896
2069
2736
3623
3549
3458
4764
6190
6186
6185
3622
3626
3371
3464
4759
2852
3619
2114
2893
3163
6184
6181
6177
2081
4590
4758
2737
4765
4951
4755
2740
4686
3621
2117
6752
2873
4763
2115
3625
5378
2896
2069
2736
3623
3549
3458
4764
6190
6186
6185
3622
3626
3371
3464
4759
2852
3619
2114
2893
3163
6184
6181
6177
2081
4590
4758
2737
4765
4951
4755
2740
4686
3621
2117
6752
2873
4763
2115
3625
5378
2896
2069
2736
3623
3549
3458
4764
6190
6186
6185
3622
3626
3371
3464
4759
2852
3619
2114
2893
3163
6184
6181
6177
2081
4590
4758
2737
4765
4951
4755
2740
4686
3621
2117
6752
2873
4763
2115
3625
5378
2896
2069
2736
3623
3549
3458
4764
6190
6186
6185
3622
3626
3371
3464
4759
2852
3619
2114
2893
3163
6184
6181
6177
2081
4590
4758
2737
4765
4951
4755
2740
4686
3621
2117
6752
2873
4763
2115
3625
5378
2896
2069
2736
3623
3549
3458
4764
6190
6186
6185
3622
3626
3371
3464
4759
2852
3619
2114
2893
3163
6184
6181
6177
2081
4590
4758
2737
4765
4951
4755
2740
4686
3621
2117
6752
2873
4763
2115
3625
5378
2896
2069
2736
3623
3549
3458
4764
6190
6186
6185
3622
3626
3371
3464
4759
2852
3619
2114
2893
3163
6184
6181
6177
2081
4590
4758
2737
4765
4951
4755
2740
4686
3621
2117
6752
2873
4763
2115
3625
5378
2896
2069
2736
3623
3549
3458
4764
6190
6186
6185
3622
3626
3371
3464
4759
2852
3619
2114
2893
3163
6184
6181
6177
2081
4590
4758
2737
4765
4951
4755
2740
4686
3621
2117
6752
2873
4763
2115
3625
5378
2896
2069
2736
3623
3549
3458
4764
6190
6186
6185
3622
3626
3371
3464
4759
2852
3619
2114
2893
3163
6184
6181
6177
2081
4590
4758
2737
4765
4951
4755
2740
4686
3621
2117
6752
2873
4763
2115
3625
5378
2896
2069
2736
3623
3549
3458
4764
6190
6186
6185
3622
3626
3371
3464
4759
2852
3619
2114
2893
3163
6184
6181
6177
2081
4590
4758
2737
4765
4951
4755
2740
4686
3621
2117
6752
2873
4763
2115
3625
5378
2896
2069
2736
3623
3549
3458
4764
6190
6186
6185
3622
3626
3371
3464
4759
2852
3619
2114
2893
3163
6184
6181
6177
2081
4590
4758
2737
4765
4951
4755
2740
4686
3621
2117
6752
2873
4763
2115
3625
5378
2896
2069
2736
3623
3549
3458
4764
6190
6186
6185
3622
3626
3371
3464
4759
2852
3619
2114
2893
3163
6184
6181
6177
2081
4590
4758
2737
4765
4951
4755
2740
4686
3621
2117
6752
2873
4763
2115
3625
5378
2896
2069
2736
3623
3549
3458
4764
6190
6186
6185
3622
3626
3371
3464
4759
2852
3619
2114
2893
3163
6184
6181
6177
2081
4590
4758
2737
4765
4951
4755
2740
4686
3621
2117
6752
2873
4763
2115
3625
5378
2896
2069
2736
3623
3549
3458
4764
6190
6186
6185
3622
3626
3371
3464
4759
2852
3619
2114
2893
3163
6184
6181
6177
2081
4590
4758
2737
4765
4951
4755
2740
4686
3621
2117
6752
2873
4763
2115
3625
5378
2896
2069
2736
3623
3549
3458
4764
6190
6186
6185
3622
3626
3371
3464
4759
2852
3619
2114
2893
3163
6184
6181
6177
2081
4590
4758
2737
4765
4951
4755
2740
4686
3621
2117
6752
2873
4763
2115
3625
5378
2896
2069
2736
3623
3549
3458
4764
6190
6186
6185
3622
3626
3371
3464
4759
2852
3619
2114
2893
3163
6184
6181
6177
2081
4590
4758
2737
4765
4951
4755
2740
4686
3621
2117
6752
2873
4763
2115
3625
5378
2896
2069
2736
3623
3549
3458
4764
6190
6186
6185
3622
3626
3371
3464
4759
2852
3619
2114
2893
3163
6184
6181
6177
2081
4590
4758
2737
4765
4951
4755
2740
4686
3621
2117
6752
2873
4763
2115
3625
5378
2896
2069
2736
3623
3549
3458
4764
6190
6186
6185
3622
3626
3371
3464
4759
2852
3619
2114
2893
3163
6184
6181
6177
2081
4590
4758
2737
4765
4951
4755
2740
4686
3621
2117
6752
2873
4763
2115
3625
5378
2896
2069
2736
3623
3549
3458
4764
6190
6186
6185
3622
3626
3371
3464
4759
2852
3619
2114
2893
3163
6184
6181
6177
2081
4590
4758
2737
4765
4951
4755
2740
4686
3621
2117
6752
2873
4763
2115
3625
5378
2896
2069
2736
3623
3549
3458
4764
6190
6186
6185
3622
3626
3371
3464
4759
2852
3619
2114
2893
3163
6184
6181
6177
2081
4590
4758
2737
4765
4951
4755
2740
4686
3621
2117
6752
2873
4763
2115
3625
5378
2896
2069
2736
3623
3549
3458
4764
6190
6186
6185
3622
3626
3371
3464
4759
2852
3619
2114
2893
3163
6184
6181
6177
2081
4590
4758
2737
4765
4951
4755
2740
4686
3621
2117
6752
2873
4763
2115
3625
5378
2896
2069
2736
3623
3549
3458
4764
6190
6186
6185
3622
3626
3371
3464
4759
2852
3619
2114
2893
3163
6184
6181
6177
2081
4590
4758
2737
4765
4951
4755
2740
4686
3621
2117
6752
2873
4763
2115
3625
5378
2896
2069
2736
3623
3549
3458
4764
6190
6186
6185
3622
3626
3371
3464
4759
2852
3619
2114
2893
3163
6184
6181
6177
2081
4590
