73
1
91
143
97
27
62
60
9
215
62
60
1
27
91
37
104
97
58
143
37
62
27
1
9
143
97
73
91
223
104
60
91
143
1
62
58
223
215
73
58
62
1
97
27
215
223
104
73
60
62
215
223
60
97
58
9
143
104
1
97
223
104
27
143
215
234
1
73
60
27
223
97
73
58
1
143
91
37
62
215
58
97
62
234
143
9
1
37
27
91
97
58
1
215
143
37
27
62
234
27
215
58
97
143
91
104
1
62
223
143
9
1
73
58
91
62
215
60
223
73
9
234
62
215
58
143
1
60
27
104
234
27
9
215
37
223
58
97
143
27
73
60
223
58
143
97
37
1
91
62
143
37
9
91
215
1
60
97
58
1
91
223
73
143
27
234
9
58
104
60
223
1
215
9
62
27
58
104
234
37
97
104
62
1
60
143
9
58
73
104
215
9
60
1
97
143
73
234
27
62
1
58
104
9
97
27
234
223
73
143
58
1
73
62
37
97
234
9
91
223
73
27
215
60
37
9
234
91
97
215
73
37
27
62
223
1
97
9
234
91
73
58
62
27
1
215
234
143
104
62
60
73
58
1
234
37
215
9
104
62
58
1
223
143
104
91
215
9
60
91
27
223
37
104
1
234
62
58
215
97
58
73
27
215
60
104
1
9
143
62
73
234
143
27
1
91
60
97
223
1
27
37
58
60
104
73
91
234
62
91
60
97
1
73
9
104
27
215
143
234
9
223
97
37
91
58
73
60
1
223
37
1
73
58
91
215
234
104
143
234
104
1
27
91
73
143
97
215
37
62
73
215
9
91
97
37
27
223
104
73
234
60
62
27
9
97
58
104
223
143
1
91
9
223
37
215
58
60
62
73
215
104
27
62
91
97
223
60
234
62
97
215
1
223
104
143
73
60
234
223
234
37
27
91
143
58
97
62
104
97
73
60
9
104
37
215
223
91
234
91
73
62
104
9
143
223
58
97
234
104
223
37
215
27
234
91
9
1
62
1
60
234
62
9
223
97
143
73
215
143
9
62
223
37
73
60
234
1
91
215
1
143
234
91
60
223
62
58
73
215
223
1
27
37
73
97
9
104
234
97
9
215
58
104
91
143
234
37
60
97
58
215
9
62
234
37
60
91
73
