56
53
59
91
145
108
57
50
248
49
57
145
91
50
148
59
77
10
107
53
248
145
77
56
91
148
107
49
10
59
77
49
53
248
56
10
50
57
91
148
107
56
59
248
148
10
50
135
77
49
57
50
108
107
145
10
59
77
248
53
49
56
53
148
57
145
107
50
10
108
49
108
145
10
56
57
53
59
107
50
49
148
10
57
248
91
108
56
135
50
57
108
50
107
135
148
248
53
91
56
108
135
59
53
49
148
56
248
50
145
108
145
59
77
91
53
56
248
107
50
57
91
248
148
108
50
77
107
135
59
56
10
77
59
57
107
50
49
248
145
148
108
56
248
91
50
59
57
10
135
145
49
57
53
91
50
108
10
59
107
145
108
148
77
91
57
107
248
59
56
145
148
10
57
108
91
53
107
135
56
10
53
135
145
50
77
108
107
59
49
57
108
148
145
91
56
53
77
107
49
59
148
50
57
10
49
91
53
135
77
107
135
56
108
248
148
57
49
77
50
50
10
248
107
148
108
77
145
135
91
148
108
10
77
56
107
50
59
135
53
49
148
77
135
53
107
10
248
57
91
107
49
77
91
56
59
248
145
50
53
57
49
145
148
53
91
135
77
108
59
135
49
10
148
91
57
248
77
53
145
77
107
49
10
248
148
59
53
108
145
148
57
77
91
248
145
50
53
10
108
57
59
148
248
77
49
145
56
91
50
56
59
77
107
91
10
50
135
148
57
57
59
77
49
145
107
148
91
248
53
77
145
10
108
91
57
107
59
53
50
77
108
59
56
50
53
107
57
135
91
108
248
59
148
145
56
107
91
135
49
148
135
77
57
59
248
50
91
108
10
91
148
77
50
107
10
248
56
108
49
53
59
248
135
50
77
56
107
57
49
107
248
49
91
77
10
148
57
145
56
49
91
108
248
59
50
135
57
77
107
59
135
107
148
56
77
49
57
53
145
148
248
56
50
57
53
91
10
107
49
248
10
57
148
49
108
135
77
56
59
49
57
50
59
53
145
91
77
56
248
57
108
53
56
77
91
49
10
135
145
248
10
91
53
56
59
77
107
145
57
248
59
50
108
57
148
135
10
49
77
50
53
57
56
148
91
248
145
10
135
148
57
108
59
248
77
135
53
145
107
