1
39
23
69
25
77
90
130
70
96
77
87
215
23
90
125
1
88
69
96
75
23
125
77
215
25
130
87
1
90
39
77
90
88
96
70
125
75
25
87
69
70
215
125
75
130
77
39
25
87
23
69
130
90
75
96
125
87
77
215
39
25
96
23
70
125
90
77
1
75
1
87
88
23
96
125
130
215
90
70
39
77
96
215
88
1
90
75
69
130
125
130
88
215
25
96
70
39
75
23
88
96
75
90
87
69
215
125
130
77
96
125
215
77
23
25
1
87
88
39
88
87
77
39
75
215
25
23
125
1
70
130
25
215
77
39
1
96
90
23
130
69
75
215
87
125
70
39
1
88
77
125
215
23
1
90
75
70
96
69
87
23
77
215
1
39
25
90
125
75
125
77
88
130
215
96
39
25
70
1
90
69
70
23
125
130
96
1
77
87
125
69
88
75
77
96
130
23
215
87
87
69
96
88
39
77
23
125
1
90
39
75
96
90
70
69
130
77
88
87
215
87
23
39
88
25
75
77
125
70
23
69
75
77
130
125
88
1
39
215
125
77
25
23
130
96
70
75
39
215
77
96
130
125
70
215
87
90
88
75
215
87
39
125
75
90
96
1
70
69
25
215
90
77
75
87
130
125
70
96
70
96
77
23
125
69
75
130
25
87
215
23
90
130
87
1
75
77
125
39
90
125
75
77
1
23
25
70
39
88
25
90
215
130
77
70
75
88
23
69
39
1
25
96
69
125
77
87
90
23
215
25
130
39
77
90
23
96
125
1
215
23
69
88
75
90
77
87
70
130
215
23
39
96
90
70
77
1
130
69
90
69
130
88
75
77
87
39
1
215
90
96
1
75
130
39
125
23
77
88
88
130
96
87
75
23
70
215
39
90
25
215
23
39
75
70
77
69
96
87
70
87
130
1
96
23
25
88
75
125
25
90
39
75
1
96
69
70
130
88
39
130
69
88
23
87
1
25
90
77
77
1
75
70
125
25
96
88
215
90
90
87
77
25
215
130
69
39
96
75
130
125
70
87
90
88
23
75
96
69
75
25
39
77
70
88
69
96
1
90
90
25
69
39
75
88
130
87
77
23
87
130
69
77
125
88
25
75
70
1
96
77
88
70
75
39
125
130
23
25
