11
43
13
30
23
13
23
33
30
40
11
30
40
33
23
40
11
13
30
43
11
40
43
30
33
13
11
23
30
40
23
11
33
43
30
13
11
23
33
43
43
23
40
13
11
23
40
11
30
43
43
30
13
40
23
13
23
11
30
40
33
40
23
43
11
43
33
11
13
30
40
23
33
43
13
40
33
13
30
11
11
43
13
23
40
43
13
40
11
30
13
11
23
30
33
33
13
30
11
43
30
23
33
11
40
33
30
40
13
11
30
33
11
43
40
33
30
23
13
11
23
43
40
30
13
43
11
13
30
33
40
33
43
11
30
43
40
33
11
13
11
13
43
23
30
30
43
40
13
23
11
43
23
13
40
33
40
23
11
13
23
33
30
43
40
23
40
33
43
30
30
13
23
43
33
23
13
40
43
33
13
11
33
43
23
33
23
40
13
30
33
23
40
11
13
33
13
40
23
30
40
30
43
13
11
30
43
40
33
23
13
43
23
30
33
23
11
43
13
33
40
23
43
13
30
23
43
40
11
33
23
40
11
30
43
13
40
30
11
33
23
40
30
11
33
40
30
13
43
33
