51
21
30
33
23
21
33
11
30
23
11
30
33
23
21
39
21
23
51
30
11
39
51
33
23
39
51
23
11
33
30
21
11
33
23
51
39
23
21
11
33
51
39
30
21
51
30
23
11
33
23
21
30
51
11
23
33
39
21
51
11
21
39
30
33
23
11
30
21
33
33
51
30
23
11
30
23
33
39
21
21
39
11
33
51
21
30
39
11
51
11
33
39
21
23
39
51
30
11
23
11
21
30
51
39
21
30
11
23
33
51
11
33
21
30
33
51
21
39
23
39
21
33
30
23
30
21
39
23
11
11
51
21
30
23
11
39
51
30
23
33
51
11
21
23
33
30
11
21
23
23
11
33
51
39
21
11
30
39
23
39
21
30
23
33
39
30
11
23
21
11
23
30
33
39
23
33
30
51
39
30
11
33
23
21
51
33
21
11
39
23
51
21
30
11
33
39
51
30
23
21
30
39
11
51
51
39
21
30
11
30
21
11
39
51
51
21
23
33
11
39
23
21
33
30
23
11
33
30
39
23
30
33
21
39
33
30
21
51
39
39
21
11
30
33
33
23
51
11
39
