80
84
143
9
2
93
4
11
7
1
110
11
1
81
84
3
80
4
236
2
93
11
3
84
83
110
236
7
4
1
81
3
236
11
9
4
80
7
1
84
236
7
9
80
83
3
93
143
84
1
84
110
4
9
83
143
2
93
7
81
236
143
80
9
4
84
81
3
83
7
1
11
84
81
110
7
9
83
3
236
81
3
9
143
80
236
2
83
11
110
4
3
81
1
236
84
9
11
143
2
4
11
80
7
1
143
84
110
236
9
11
236
83
1
84
110
81
143
4
3
4
83
3
9
236
7
84
110
2
80
143
1
11
236
80
2
84
3
81
93
1
143
7
3
84
4
236
110
11
81
236
110
81
3
83
4
80
7
143
2
83
80
2
110
4
93
143
1
11
7
4
83
9
80
143
236
84
110
1
11
93
110
80
1
143
9
7
3
2
11
7
2
80
84
93
143
3
4
81
83
83
9
80
93
236
3
143
2
81
1
110
2
3
9
83
81
236
84
4
143
236
81
110
3
7
1
4
83
84
2
80
9
83
143
110
4
7
236
81
2
3
9
80
1
4
7
236
83
11
93
93
110
7
4
81
143
80
2
9
84
83
81
3
110
143
1
2
84
236
11
2
7
1
4
80
110
11
81
3
83
143
11
9
80
236
4
7
83
3
84
2
143
3
80
9
1
81
236
83
4
236
110
11
84
9
81
3
4
93
1
7
2
9
83
4
236
80
110
93
11
80
7
84
143
110
11
4
236
93
9
81
4
110
143
80
84
3
7
236
1
93
81
7
9
4
3
143
83
80
84
3
110
83
4
93
84
81
11
143
80
11
1
9
81
7
80
3
93
2
143
1
4
236
2
3
81
9
110
143
84
236
9
80
4
84
2
93
1
143
110
3
4
1
143
84
80
11
110
7
9
1
236
9
143
4
2
7
3
84
83
2
110
81
83
1
9
7
84
80
236
11
9
1
84
3
7
110
236
81
4
81
80
1
3
4
9
84
143
2
93
11
143
9
2
93
83
81
84
4
236
2
110
7
9
11
1
83
84
236
93
236
4
11
9
3
93
80
83
2
7
1
7
93
143
11
2
3
110
81
83
84
9
4
2
1
83
110
3
80
11
3
236
9
80
2
81
93
1
84
143
