9
8
13
10
2
2
17
33
13
8
2
33
8
17
13
17
8
13
2
10
2
17
8
9
13
9
33
2
17
10
13
8
33
2
17
8
2
33
17
13
13
33
9
10
8
33
17
2
10
9
13
8
17
2
33
9
17
2
33
10
9
8
10
33
2
2
17
33
8
9
13
9
8
10
2
10
17
13
2
9
33
2
8
10
9
13
33
8
9
10
17
9
8
33
10
13
8
10
2
9
13
17
2
10
8
13
33
17
8
2
10
17
8
13
33
17
2
10
8
9
2
8
9
17
10
9
33
8
10
13
10
17
13
9
2
13
10
2
9
17
9
33
13
8
17
33
10
17
13
2
17
10
8
9
2
10
2
9
8
13
2
10
17
8
9
17
8
10
9
33
13
33
2
9
17
8
33
13
2
10
17
10
33
9
2
9
17
2
33
10
8
2
9
17
33
10
8
33
2
17
10
33
2
9
8
8
2
17
9
13
8
13
2
33
10
9
13
33
8
17
17
13
8
33
9
13
10
2
9
8
17
9
10
2
33
17
2
13
10
8
2
13
17
10
9
33
2
13
10
8
