81
167
261
128
187
80
349
38
330
137
131
264
129
80
150
354
81
261
349
187
129
128
187
81
330
261
264
349
38
167
137
349
81
264
131
128
354
261
129
38
137
261
128
167
80
131
150
129
38
354
264
330
81
167
187
131
38
349
354
261
38
128
129
261
80
330
264
187
354
137
167
80
129
264
187
261
131
330
81
349
264
354
261
128
187
38
80
330
131
150
349
128
129
81
354
150
80
330
261
187
264
349
354
131
150
167
330
187
137
38
81
137
167
150
80
131
330
264
128
349
187
81
354
330
167
80
129
131
349
150
349
137
187
167
81
80
129
38
354
150
354
349
330
261
131
128
81
137
167
264
330
137
38
264
167
349
81
187
80
128
131
137
187
150
128
80
81
354
330
38
349
354
150
81
131
129
128
137
330
187
354
131
187
80
167
129
330
349
264
81
261
131
128
38
81
354
129
264
80
187
137
128
167
80
330
38
150
131
264
81
137
349
131
330
80
81
187
128
38
354
128
81
187
330
261
80
131
167
354
264
167
330
128
264
349
150
354
261
129
187
187
264
167
80
349
131
81
150
128
129
187
38
80
264
131
128
349
354
261
150
330
187
261
131
137
81
354
128
167
38
264
349
128
38
167
354
187
131
330
137
167
349
330
261
187
38
354
264
150
81
261
81
349
137
129
131
167
150
264
354
264
354
349
129
330
81
128
80
187
131
150
187
354
129
81
349
264
137
330
38
349
38
150
354
128
330
129
261
131
137
38
150
264
261
80
128
330
129
131
187
81
354
80
38
131
261
137
167
129
264
80
150
187
137
261
167
81
330
131
129
80
354
128
349
330
261
187
264
81
137
354
330
81
261
38
80
131
349
129
264
330
264
150
137
187
349
129
354
167
128
129
330
131
81
349
354
128
187
261
264
129
131
330
167
354
81
264
80
137
187
137
131
38
354
167
187
150
330
261
128
131
187
330
137
128
167
80
38
354
129
129
349
137
128
81
167
187
80
354
150
349
150
330
137
81
187
131
80
264
167
330
349
167
81
354
131
261
38
150
187
150
167
128
330
137
261
80
81
129
264
349
128
330
131
150
354
38
264
80
137
131
167
128
81
264
80
354
349
261
137
167
330
187
129
128
80
349
81
264
38
