573
702
133
271
239
225
1893
797
795
1772
698
344
1697
320
5
324
1523
814
308
777
140
610
713
617
778
456
70
1885
784
787
1800
789
2140
1003
396
573
702
133
271
239
225
1893
797
795
1772
698
344
1697
320
5
324
1523
814
308
777
140
610
713
617
778
456
70
1885
784
787
1800
789
2140
1003
396
573
702
133
271
239
225
1893
797
795
1772
698
344
1697
320
5
324
1523
814
308
777
140
610
713
617
778
456
70
1885
784
787
1800
789
2140
1003
396
573
702
133
271
239
225
1893
797
795
1772
698
344
1697
320
5
324
1523
814
308
777
140
610
713
617
778
456
70
1885
784
787
1800
789
2140
1003
396
573
702
133
271
239
225
1893
797
795
1772
698
344
1697
320
5
324
1523
814
308
777
140
610
713
617
778
456
70
1885
784
787
1800
789
2140
1003
396
573
702
133
271
239
225
1893
797
795
1772
698
344
1697
320
5
324
1523
814
308
777
140
610
713
617
778
456
70
1885
784
787
1800
789
2140
1003
396
573
702
133
271
239
225
1893
797
795
1772
698
344
1697
320
5
324
1523
814
308
777
140
610
713
617
778
456
70
1885
784
787
1800
789
2140
1003
396
573
702
133
271
239
225
1893
797
795
1772
698
344
1697
320
5
324
1523
814
308
777
140
610
713
617
778
456
70
1885
784
787
1800
789
2140
1003
396
573
702
133
271
239
225
1893
797
795
1772
698
344
1697
320
5
324
1523
814
308
777
140
610
713
617
778
456
70
1885
784
787
1800
789
2140
1003
396
573
702
133
271
239
225
1893
797
795
1772
698
344
1697
320
5
324
1523
814
308
777
140
610
713
617
778
456
70
1885
784
787
1800
789
2140
1003
396
573
702
133
271
239
225
1893
797
795
1772
698
344
1697
320
5
324
1523
814
308
777
140
610
713
617
778
456
70
1885
784
787
1800
789
2140
1003
396
573
702
133
271
239
225
1893
797
795
1772
698
344
1697
320
5
324
1523
814
308
777
140
610
713
617
778
456
70
1885
784
787
1800
789
2140
1003
396
573
702
133
271
239
225
1893
797
795
1772
698
344
1697
320
5
324
1523
814
308
777
140
610
713
617
778
456
70
1885
784
787
1800
789
2140
1003
396
573
702
133
271
239
225
1893
797
795
1772
698
344
1697
320
5
324
1523
814
308
777
140
610
713
617
778
456
70
1885
784
787
1800
789
2140
1003
396
573
702
133
271
239
225
1893
797
795
1772
698
344
1697
320
5
324
1523
814
308
777
140
610
713
617
778
456
70
1885
784
787
1800
789
2140
1003
396
573
702
133
271
239
225
1893
797
795
1772
698
344
1697
320
5
324
1523
814
308
777
140
610
713
617
778
456
70
1885
784
787
1800
789
2140
1003
396
573
702
133
271
239
225
1893
797
795
1772
698
344
1697
320
5
324
1523
814
308
777
140
610
713
617
778
456
70
1885
784
787
1800
789
2140
1003
396
573
702
133
271
239
225
1893
797
795
1772
698
344
1697
320
5
324
1523
814
308
777
140
610
713
617
778
456
70
1885
784
787
1800
789
2140
1003
396
573
702
133
271
239
225
1893
797
795
1772
698
344
1697
320
5
324
1523
814
308
777
140
610
713
617
778
456
70
1885
784
787
1800
789
2140
1003
396
573
702
133
271
239
225
1893
797
795
1772
698
344
1697
320
5
324
1523
814
308
777
140
610
713
617
778
456
70
1885
784
787
1800
789
2140
1003
396
573
702
133
271
239
225
1893
797
795
1772
698
344
1697
320
5
324
1523
814
308
777
140
610
713
617
778
456
70
1885
784
787
1800
789
2140
1003
396
573
702
133
271
239
225
1893
797
795
1772
698
344
1697
320
5
324
1523
814
308
777
140
610
713
617
778
456
70
1885
784
787
1800
789
2140
1003
396
573
702
133
271
239
225
1893
797
795
1772
698
344
1697
320
5
324
1523
814
308
777
140
610
713
617
778
456
70
1885
784
787
1800
789
2140
1003
396
573
702
133
271
239
225
1893
797
795
1772
698
344
1697
320
5
324
1523
814
308
777
140
610
713
617
778
456
70
1885
784
787
1800
789
2140
1003
396
573
702
133
271
239
225
1893
797
795
1772
698
344
1697
320
5
324
1523
814
308
777
140
610
713
617
778
456
70
1885
784
787
1800
789
2140
1003
396
573
702
133
271
239
225
1893
797
795
1772
698
344
1697
320
5
324
1523
814
308
777
140
610
713
617
778
456
70
1885
784
787
1800
789
2140
1003
396
573
702
133
271
239
225
1893
797
795
1772
698
344
1697
320
5
324
1523
814
308
777
140
610
713
617
778
456
70
1885
784
787
1800
789
2140
1003
396
573
702
133
271
239
225
1893
797
795
1772
698
344
1697
320
5
324
1523
814
308
777
140
610
713
617
778
456
70
1885
784
787
1800
789
2140
1003
396
573
702
133
271
239
225
1893
797
795
1772
698
344
1697
320
5
324
1523
814
308
777
140
610
713
617
778
456
70
1885
784
787
1800
789
2140
1003
396
573
702
133
271
239
225
1893
797
795
1772
698
344
1697
320
5
324
1523
814
308
777
140
610
713
617
778
456
70
1885
784
787
1800
789
2140
1003
396
573
702
133
271
239
225
1893
797
795
1772
698
344
1697
320
5
324
1523
814
308
777
140
610
713
617
778
456
70
1885
784
787
1800
789
2140
1003
396
573
702
133
271
239
225
1893
797
795
1772
698
344
1697
320
5
324
1523
814
308
777
140
610
713
617
778
456
70
1885
784
787
1800
789
2140
1003
396
573
702
133
271
239
225
1893
797
795
1772
698
344
1697
320
5
324
1523
814
308
777
140
610
713
617
778
456
70
1885
784
787
1800
789
2140
1003
396
573
702
133
271
239
225
1893
797
795
1772
698
344
1697
320
5
324
1523
814
308
777
140
610
713
617
778
456
70
1885
784
787
1800
789
2140
1003
396
573
702
133
271
239
225
1893
797
795
1772
698
344
1697
320
5
324
1523
814
308
777
140
610
713
617
778
456
70
1885
784
787
1800
789
2140
1003
396
573
702
133
271
239
225
1893
797
795
1772
698
344
1697
320
5
324
1523
814
308
777
140
610
713
617
778
456
70
1885
784
787
1800
789
2140
1003
396
573
702
133
271
239
225
1893
797
795
1772
698
344
1697
320
5
324
1523
814
308
777
140
610
713
617
778
456
70
1885
784
787
1800
789
2140
1003
396
573
702
133
271
239
225
1893
797
795
1772
698
344
1697
320
5
324
1523
814
308
777
140
610
713
617
778
456
70
1885
784
787
1800
789
2140
1003
396
573
702
133
271
239
225
1893
797
795
1772
698
344
1697
320
5
324
1523
814
308
777
140
610
713
617
778
456
70
1885
784
787
1800
789
2140
1003
396
573
702
133
271
239
225
1893
797
795
1772
698
344
1697
320
5
324
1523
814
308
777
140
610
713
617
778
456
70
1885
784
787
1800
789
2140
1003
396
573
702
133
271
239
225
1893
797
795
1772
698
344
1697
320
5
324
1523
814
308
777
140
610
713
617
778
456
70
1885
784
787
1800
789
2140
1003
396
573
702
133
271
239
225
1893
797
795
1772
698
344
1697
320
5
324
1523
814
308
777
140
610
713
617
778
456
70
1885
784
787
1800
789
2140
1003
396
573
702
133
271
239
225
1893
797
795
1772
698
344
1697
320
5
324
1523
814
308
777
140
610
713
617
778
456
70
1885
784
787
1800
789
2140
1003
396
573
702
133
271
239
225
1893
797
795
1772
698
344
1697
320
5
324
1523
814
308
777
140
610
713
617
778
456
70
1885
784
787
1800
789
2140
1003
396
573
702
133
271
239
225
1893
797
795
1772
698
344
1697
320
5
324
1523
814
308
777
140
610
713
617
778
456
70
1885
784
787
1800
789
2140
1003
396
573
702
133
271
239
225
1893
797
795
1772
698
344
1697
320
5
324
1523
814
308
777
140
610
713
617
778
456
70
1885
784
787
1800
789
2140
1003
396
573
702
133
271
239
225
1893
797
795
1772
698
344
1697
320
5
324
1523
814
308
777
140
610
713
617
778
456
70
1885
784
787
1800
789
2140
1003
396
573
702
133
271
239
225
1893
797
795
1772
698
344
1697
320
5
324
1523
814
308
777
140
610
713
617
778
456
70
1885
784
787
1800
789
2140
1003
396
573
702
133
271
239
225
1893
797
795
1772
698
344
1697
320
5
324
1523
814
308
777
140
610
713
617
778
456
70
1885
784
787
1800
789
2140
1003
396
573
702
133
271
239
225
1893
797
795
1772
698
344
1697
320
5
324
1523
814
308
777
140
610
713
617
778
456
70
1885
784
787
1800
789
2140
1003
396
