1827
812
2484
1860
16
485
1802
1498
771
484
8
1018
1799
483
60
827
4539
1831
923
487
856
2882
2294
1631
794
805
857
1008
1849
472
1872
3202
468
747
3626
2058
1810
1818
3474
779
1018
60
2484
485
487
468
2294
472
779
1810
1631
1860
812
1498
3626
483
1818
16
747
923
4539
1008
827
3474
3202
484
771
794
1799
1831
1872
8
1802
2058
2882
857
1849
1827
805
856
779
1849
2058
60
1831
472
487
3474
747
805
1498
1802
2294
2484
1872
1008
4539
1818
771
8
1827
923
827
857
794
483
812
2882
1799
856
1018
1631
468
16
485
3202
484
3626
1860
1810
1018
472
923
60
779
805
2882
1860
856
1631
2484
857
8
1799
1827
4539
1498
3626
1008
827
3474
794
1872
771
16
1810
483
468
2058
812
3202
1831
2294
487
1849
485
484
747
1818
1802
2058
794
2294
1799
805
2882
1018
472
16
771
812
1849
4539
1818
1860
1802
856
2484
483
1872
1831
857
3626
487
8
468
827
1008
60
3202
485
923
3474
779
484
1810
1498
1827
1631
747
1818
485
1018
1631
812
1831
2882
3626
1872
805
1008
484
3474
1498
1799
1849
2294
794
923
747
483
487
3202
16
1802
4539
472
8
2058
771
827
1860
1827
60
779
856
1810
2484
857
468
805
856
794
3202
1802
16
771
1860
1018
1008
1498
485
3474
483
468
827
472
1818
1831
1872
3626
2882
1799
2058
8
812
1810
923
484
2294
1849
747
487
2484
60
1631
779
857
1827
4539
468
805
923
1849
2294
2484
4539
812
16
484
1631
747
1008
827
1799
1860
1498
472
1018
2058
1802
8
487
1827
3474
483
485
3626
1831
856
1818
1810
1872
60
771
794
857
2882
3202
779
2058
3474
3626
2294
1810
2484
484
771
923
856
857
472
2882
1818
483
1018
485
487
1831
16
1631
1799
827
3202
1498
794
779
812
468
1849
1008
1827
4539
8
805
1860
747
1802
60
1872
2058
4539
1818
483
1827
856
2882
3202
1849
1872
812
60
1018
1631
923
2484
3626
827
1498
1860
1802
771
1810
472
484
16
1008
779
3474
8
805
857
2294
487
1831
1799
747
794
468
485
771
1008
4539
827
1799
483
2294
16
485
3626
3474
923
857
747
1849
794
1018
1872
468
484
2484
472
1802
856
1818
805
1831
487
8
2882
1860
3202
1631
1827
1810
1498
812
2058
779
60
779
1018
1631
60
3202
794
3474
1818
487
1849
3626
1831
484
1799
1498
856
923
8
1827
2058
472
812
485
857
771
1810
4539
16
483
468
1802
805
747
1872
2882
2484
2294
1008
1860
827
1008
3202
771
747
1849
812
485
794
923
468
1799
1810
1831
857
16
779
3626
484
1631
3474
2484
8
60
856
805
1802
483
2294
487
4539
1018
1872
2058
1827
1498
2882
1818
472
1860
827
794
1860
3626
1018
2058
2882
827
1818
3202
1849
1799
805
485
1008
487
779
1631
1810
8
1827
484
2484
472
1872
4539
1831
1802
60
2294
468
483
812
3474
771
1498
856
923
857
16
747
1810
2882
8
1872
2294
794
483
485
468
1827
3202
856
2484
1831
1631
1018
484
487
1818
2058
1799
4539
16
472
3626
1008
805
1498
857
1802
60
827
747
771
779
923
812
3474
1849
1860
1860
1872
812
794
747
485
3626
2058
60
827
1849
2294
3474
779
16
2882
468
1018
856
1831
923
483
1810
1498
1802
2484
1818
805
1799
3202
1008
771
487
4539
484
1631
857
472
8
1827
779
1631
1849
3626
1827
2058
1872
4539
747
1799
1818
16
472
3474
485
1860
483
3202
771
1810
1008
827
1802
1831
468
2484
8
484
856
805
487
2294
1498
857
794
1018
60
923
812
2882
923
487
2484
1810
1802
3202
1860
1018
483
857
827
1849
3474
779
1631
1872
4539
484
60
1831
2058
1008
771
2294
2882
805
812
8
1818
472
468
794
1799
3626
1827
1498
485
747
856
16
483
1849
747
794
812
60
8
1498
1827
805
1831
1872
484
1631
16
1008
1810
1799
771
485
827
857
1860
487
1818
2058
3626
856
1802
2484
3474
2882
2294
472
4539
468
779
3202
923
1018
60
2058
779
1799
16
827
805
3474
485
2294
3202
3626
484
472
487
2484
1860
468
4539
1498
2882
1018
1631
747
923
1827
1818
812
1802
1008
1872
1831
771
856
483
857
8
794
1849
1810
3474
3202
2882
1799
1860
468
747
1849
2058
1872
794
805
485
1018
2484
812
771
484
857
487
472
1810
483
3626
1631
1498
2294
1827
1831
1802
8
856
60
4539
16
779
923
827
1008
1818
485
794
856
472
779
1860
1802
2294
1799
1849
468
2058
812
8
1818
3626
484
483
805
2484
857
1498
923
1810
3202
3474
2882
4539
747
60
16
1831
487
827
1872
1827
1008
1631
1018
771
1818
2294
1008
1827
1799
16
857
3474
923
812
1498
485
1018
8
856
3202
827
771
1849
1810
1631
483
747
1802
1831
468
779
2484
805
2882
794
1872
60
2058
484
4539
472
3626
487
1860
1827
857
484
1498
2058
1008
1631
4539
3626
1810
923
3202
2484
771
472
1872
1860
2882
856
1802
16
827
812
1831
1018
485
1799
747
483
2294
1818
805
3474
794
468
487
1849
60
8
779
747
485
805
2294
1827
771
3626
1498
1860
1802
1810
1872
1849
1018
2058
16
487
472
856
4539
1818
3474
1799
484
923
3202
812
8
1631
60
794
779
468
1831
827
483
1008
857
2882
2484
1872
812
827
1631
779
1818
747
2882
771
1799
923
484
16
2484
485
3626
468
794
1827
8
3474
483
1498
1802
2294
1849
1018
1810
4539
805
487
1860
472
2058
60
1008
1831
856
857
3202
1631
3474
16
2484
1802
812
472
1818
1799
1498
1008
487
857
60
1849
485
1810
805
827
771
4539
923
1860
856
747
779
794
1018
1872
1831
8
484
2294
468
1827
3202
3626
2058
2882
483
3474
857
2484
60
1498
1802
923
1810
485
1849
4539
1827
827
8
771
1018
812
2058
1008
1799
487
3626
856
747
2294
1860
472
2882
468
794
1631
805
779
16
3202
1872
484
1818
483
1831
1018
827
484
1872
857
1831
4539
2294
856
3474
3626
2058
1849
1498
468
472
60
2484
8
2882
485
794
1810
1818
1860
771
1827
747
923
16
805
1799
483
779
487
3202
1802
812
1008
1631
483
771
487
1008
472
3626
1831
16
60
4539
1872
856
1498
1631
485
1799
2058
2882
1810
468
812
1018
2484
1860
8
1818
484
805
857
2294
3202
1827
794
923
1849
1802
827
779
3474
747
3474
16
484
8
779
487
857
2484
485
856
3202
1831
794
468
2882
1849
771
1018
747
60
812
4539
3626
1872
827
2294
483
805
923
1498
1810
1860
1799
1827
1802
472
1631
2058
1818
1008
472
1872
3202
1827
8
1849
857
2058
779
1860
2882
2294
794
1018
1831
747
468
485
771
1008
487
60
1799
1802
805
2484
484
827
483
16
4539
1818
1810
3474
3626
1498
812
923
1631
856
2058
8
1827
779
747
2484
1818
1860
856
1799
827
857
1831
485
3202
3626
1802
3474
923
16
1498
2882
2294
1018
1872
4539
484
60
1631
805
1810
812
487
472
468
1849
794
771
1008
483
812
747
3626
1799
2294
857
794
3474
779
483
923
1818
8
1831
2484
1849
1860
3202
1872
805
1018
1008
1631
856
472
485
1498
468
484
1810
4539
1802
1827
827
771
16
2058
2882
487
60
771
4539
468
2294
2058
487
856
1831
1849
1008
16
1799
1827
1498
1818
827
485
1872
484
1810
2882
805
1860
1018
472
747
857
8
1631
1802
3626
3202
3474
812
60
779
794
923
2484
483
8
60
1872
747
4539
1831
2484
1799
856
483
1860
2058
771
1018
2294
487
3202
1818
805
472
1498
1827
16
1008
1631
1810
468
1849
857
484
794
827
2882
779
3474
1802
812
923
485
3626
856
3202
2882
3474
16
468
1631
812
1831
483
1818
8
3626
2058
1810
2294
747
805
2484
1860
472
1802
60
485
923
1827
484
1498
1849
487
794
1799
771
1018
779
1008
827
857
1872
4539
16
487
4539
2058
3626
857
468
1872
856
805
1799
483
8
1860
779
1498
1810
1018
747
827
484
1849
485
923
3202
3474
812
2294
1831
1802
2484
771
472
1631
2882
1818
1008
794
1827
60
857
794
1827
1631
779
3202
1799
2294
2058
812
1849
3626
771
2484
483
484
747
487
923
472
8
2882
4539
1018
16
856
1818
60
468
1860
1802
805
485
1810
1872
3474
1831
1008
1498
827
1831
3626
779
1802
8
1818
827
1860
747
805
1799
1631
4539
1872
3202
484
857
1008
483
923
856
16
485
487
1498
812
3474
771
794
1810
2058
1018
2484
1849
60
468
472
1827
2882
2294
1498
794
3202
1802
1810
812
779
487
1018
468
2058
484
16
856
2484
60
2882
1849
1818
1008
1631
1831
3626
2294
857
1799
483
4539
472
771
747
805
1827
8
1872
1860
923
3474
485
827
779
485
2294
484
1827
1018
60
1802
1810
2484
856
3202
1860
1799
1008
2058
1631
8
771
923
1849
16
1498
812
483
827
1831
794
468
3626
857
472
2882
1818
805
4539
3474
747
1872
487
2484
856
1849
4539
1008
857
812
1872
827
2882
484
483
485
794
1831
1810
747
923
805
472
1018
60
3626
487
468
3202
1802
8
1827
779
1860
16
1498
3474
2058
2294
1799
1631
771
1818
747
857
1872
1799
16
487
2058
60
827
1849
4539
2882
856
483
3474
1802
1831
771
1018
805
923
1631
468
1008
3202
3626
2484
1818
8
484
1860
812
1810
1827
472
779
794
2294
485
1498
472
1849
856
1827
3202
60
8
771
1872
1799
468
1008
2484
2294
2882
812
1498
3474
747
1018
923
827
483
484
779
805
1631
2058
487
1802
1860
1831
485
1818
16
857
794
4539
1810
3626
805
2294
8
1802
485
779
1498
1631
1860
2882
487
3474
1008
468
483
4539
60
472
923
1018
16
1849
794
1827
1872
857
1810
1818
827
3202
2484
1831
484
812
1799
747
3626
2058
856
771
60
472
1008
2484
1849
857
1802
779
1018
1810
487
483
1831
1631
3202
1827
747
794
2058
468
805
16
8
812
827
3474
2882
2294
1872
3626
1498
1818
485
856
1860
923
1799
484
771
4539
1872
3202
485
923
1498
1818
60
1860
1799
771
2294
1018
779
812
468
16
2058
1810
1008
3626
827
472
8
857
805
2484
487
794
3474
483
1827
1802
1849
856
4539
1631
1831
2882
747
484
1827
2058
2294
827
1008
485
60
1802
794
3474
3202
1860
1799
1872
2882
16
923
1818
487
8
472
468
4539
2484
771
812
483
779
1018
1498
856
3626
747
805
1849
484
1810
857
1631
1831
812
1802
2294
2058
794
1818
1849
747
779
1018
1872
1810
16
856
771
3474
827
4539
1498
1860
3626
923
472
2882
3202
60
487
485
1827
484
1631
1799
468
805
1831
8
2484
483
1008
857
