344
347
342
343
297
295
448
37
36
434
344
347
342
343
297
295
448
37
36
434
344
347
342
343
297
295
448
37
36
434
344
347
342
343
297
295
448
37
36
434
344
347
342
343
297
295
448
37
36
434
344
347
342
343
297
295
448
37
36
434
344
347
342
343
297
295
448
37
36
434
344
347
342
343
297
295
448
37
36
434
344
347
342
343
297
295
448
37
36
434
344
347
342
343
297
295
448
37
36
434
344
347
342
343
297
295
448
37
36
434
344
347
342
343
297
295
448
37
36
434
344
347
342
343
297
295
448
37
36
434
344
347
342
343
297
295
448
37
36
434
344
347
342
343
297
295
448
37
36
434
344
347
342
343
297
295
448
37
36
434
344
347
342
343
297
295
448
37
36
434
344
347
342
343
297
295
448
37
36
434
344
347
342
343
297
295
448
37
36
434
344
347
342
343
297
295
448
37
36
434
344
347
342
343
297
295
448
37
36
434
344
347
342
343
297
295
448
37
36
434
344
347
342
343
297
295
448
37
36
434
344
347
342
343
297
295
448
37
36
434
344
347
342
343
297
295
448
37
36
434
344
347
342
343
297
295
448
37
36
434
344
347
342
343
297
295
448
37
36
434
344
347
342
343
297
295
448
37
36
434
344
347
342
343
297
295
448
37
36
434
344
347
342
343
297
295
448
37
36
434
344
347
342
343
297
295
448
37
36
434
344
347
342
343
297
295
448
37
36
434
344
347
342
343
297
295
448
37
36
434
344
347
342
343
297
295
448
37
36
434
344
347
342
343
297
295
448
37
36
434
344
347
342
343
297
295
448
37
36
434
344
347
342
343
297
295
448
37
36
434
344
347
342
343
297
295
448
37
36
434
344
347
342
343
297
295
448
37
36
434
344
347
342
343
297
295
448
37
36
434
344
347
342
343
297
295
448
37
36
434
344
347
342
343
297
295
448
37
36
434
344
347
342
343
297
295
448
37
36
434
344
347
342
343
297
295
448
37
36
434
344
347
342
343
297
295
448
37
36
434
344
347
342
343
297
295
448
37
36
434
344
347
342
343
297
295
448
37
36
434
344
347
342
343
297
295
448
37
36
434
344
347
342
343
297
295
448
37
36
434
344
347
342
343
297
295
448
37
36
434
