347
342
343
276
446
444
101
438
437
433
347
342
343
276
446
444
101
438
437
433
347
342
343
276
446
444
101
438
437
433
347
342
343
276
446
444
101
438
437
433
347
342
343
276
446
444
101
438
437
433
347
342
343
276
446
444
101
438
437
433
347
342
343
276
446
444
101
438
437
433
347
342
343
276
446
444
101
438
437
433
347
342
343
276
446
444
101
438
437
433
347
342
343
276
446
444
101
438
437
433
347
342
343
276
446
444
101
438
437
433
347
342
343
276
446
444
101
438
437
433
347
342
343
276
446
444
101
438
437
433
347
342
343
276
446
444
101
438
437
433
347
342
343
276
446
444
101
438
437
433
347
342
343
276
446
444
101
438
437
433
347
342
343
276
446
444
101
438
437
433
347
342
343
276
446
444
101
438
437
433
347
342
343
276
446
444
101
438
437
433
347
342
343
276
446
444
101
438
437
433
347
342
343
276
446
444
101
438
437
433
347
342
343
276
446
444
101
438
437
433
347
342
343
276
446
444
101
438
437
433
347
342
343
276
446
444
101
438
437
433
347
342
343
276
446
444
101
438
437
433
347
342
343
276
446
444
101
438
437
433
347
342
343
276
446
444
101
438
437
433
347
342
343
276
446
444
101
438
437
433
347
342
343
276
446
444
101
438
437
433
347
342
343
276
446
444
101
438
437
433
347
342
343
276
446
444
101
438
437
433
347
342
343
276
446
444
101
438
437
433
347
342
343
276
446
444
101
438
437
433
347
342
343
276
446
444
101
438
437
433
347
342
343
276
446
444
101
438
437
433
347
342
343
276
446
444
101
438
437
433
347
342
343
276
446
444
101
438
437
433
347
342
343
276
446
444
101
438
437
433
347
342
343
276
446
444
101
438
437
433
347
342
343
276
446
444
101
438
437
433
347
342
343
276
446
444
101
438
437
433
347
342
343
276
446
444
101
438
437
433
347
342
343
276
446
444
101
438
437
433
347
342
343
276
446
444
101
438
437
433
347
342
343
276
446
444
101
438
437
433
347
342
343
276
446
444
101
438
437
433
347
342
343
276
446
444
101
438
437
433
347
342
343
276
446
444
101
438
437
433
347
342
343
276
446
444
101
438
437
433
347
342
343
276
446
444
101
438
437
433
