347
271
272
273
274
448
442
441
39
34
347
271
272
273
274
448
442
441
39
34
347
271
272
273
274
448
442
441
39
34
347
271
272
273
274
448
442
441
39
34
347
271
272
273
274
448
442
441
39
34
347
271
272
273
274
448
442
441
39
34
347
271
272
273
274
448
442
441
39
34
347
271
272
273
274
448
442
441
39
34
347
271
272
273
274
448
442
441
39
34
347
271
272
273
274
448
442
441
39
34
347
271
272
273
274
448
442
441
39
34
347
271
272
273
274
448
442
441
39
34
347
271
272
273
274
448
442
441
39
34
347
271
272
273
274
448
442
441
39
34
347
271
272
273
274
448
442
441
39
34
347
271
272
273
274
448
442
441
39
34
347
271
272
273
274
448
442
441
39
34
347
271
272
273
274
448
442
441
39
34
347
271
272
273
274
448
442
441
39
34
347
271
272
273
274
448
442
441
39
34
347
271
272
273
274
448
442
441
39
34
347
271
272
273
274
448
442
441
39
34
347
271
272
273
274
448
442
441
39
34
347
271
272
273
274
448
442
441
39
34
347
271
272
273
274
448
442
441
39
34
347
271
272
273
274
448
442
441
39
34
347
271
272
273
274
448
442
441
39
34
347
271
272
273
274
448
442
441
39
34
347
271
272
273
274
448
442
441
39
34
347
271
272
273
274
448
442
441
39
34
347
271
272
273
274
448
442
441
39
34
347
271
272
273
274
448
442
441
39
34
347
271
272
273
274
448
442
441
39
34
347
271
272
273
274
448
442
441
39
34
347
271
272
273
274
448
442
441
39
34
347
271
272
273
274
448
442
441
39
34
347
271
272
273
274
448
442
441
39
34
347
271
272
273
274
448
442
441
39
34
347
271
272
273
274
448
442
441
39
34
347
271
272
273
274
448
442
441
39
34
347
271
272
273
274
448
442
441
39
34
347
271
272
273
274
448
442
441
39
34
347
271
272
273
274
448
442
441
39
34
347
271
272
273
274
448
442
441
39
34
347
271
272
273
274
448
442
441
39
34
347
271
272
273
274
448
442
441
39
34
347
271
272
273
274
448
442
441
39
34
347
271
272
273
274
448
442
441
39
34
347
271
272
273
274
448
442
441
39
34
347
271
272
273
274
448
442
441
39
34
