298
291
191
192
448
441
444
436
430
331
298
291
191
192
448
441
444
436
430
331
298
291
191
192
448
441
444
436
430
331
298
291
191
192
448
441
444
436
430
331
298
291
191
192
448
441
444
436
430
331
298
291
191
192
448
441
444
436
430
331
298
291
191
192
448
441
444
436
430
331
298
291
191
192
448
441
444
436
430
331
298
291
191
192
448
441
444
436
430
331
298
291
191
192
448
441
444
436
430
331
298
291
191
192
448
441
444
436
430
331
298
291
191
192
448
441
444
436
430
331
298
291
191
192
448
441
444
436
430
331
298
291
191
192
448
441
444
436
430
331
298
291
191
192
448
441
444
436
430
331
298
291
191
192
448
441
444
436
430
331
298
291
191
192
448
441
444
436
430
331
298
291
191
192
448
441
444
436
430
331
298
291
191
192
448
441
444
436
430
331
298
291
191
192
448
441
444
436
430
331
298
291
191
192
448
441
444
436
430
331
298
291
191
192
448
441
444
436
430
331
298
291
191
192
448
441
444
436
430
331
298
291
191
192
448
441
444
436
430
331
298
291
191
192
448
441
444
436
430
331
298
291
191
192
448
441
444
436
430
331
298
291
191
192
448
441
444
436
430
331
298
291
191
192
448
441
444
436
430
331
298
291
191
192
448
441
444
436
430
331
298
291
191
192
448
441
444
436
430
331
298
291
191
192
448
441
444
436
430
331
298
291
191
192
448
441
444
436
430
331
298
291
191
192
448
441
444
436
430
331
298
291
191
192
448
441
444
436
430
331
298
291
191
192
448
441
444
436
430
331
298
291
191
192
448
441
444
436
430
331
298
291
191
192
448
441
444
436
430
331
298
291
191
192
448
441
444
436
430
331
298
291
191
192
448
441
444
436
430
331
298
291
191
192
448
441
444
436
430
331
298
291
191
192
448
441
444
436
430
331
298
291
191
192
448
441
444
436
430
331
298
291
191
192
448
441
444
436
430
331
298
291
191
192
448
441
444
436
430
331
298
291
191
192
448
441
444
436
430
331
298
291
191
192
448
441
444
436
430
331
298
291
191
192
448
441
444
436
430
331
298
291
191
192
448
441
444
436
430
331
298
291
191
192
448
441
444
436
430
331
298
291
191
192
448
441
444
436
430
331
