199
278
443
442
441
445
444
108
107
438
199
278
443
442
441
445
444
108
107
438
199
278
443
442
441
445
444
108
107
438
199
278
443
442
441
445
444
108
107
438
199
278
443
442
441
445
444
108
107
438
199
278
443
442
441
445
444
108
107
438
199
278
443
442
441
445
444
108
107
438
199
278
443
442
441
445
444
108
107
438
199
278
443
442
441
445
444
108
107
438
199
278
443
442
441
445
444
108
107
438
199
278
443
442
441
445
444
108
107
438
199
278
443
442
441
445
444
108
107
438
199
278
443
442
441
445
444
108
107
438
199
278
443
442
441
445
444
108
107
438
199
278
443
442
441
445
444
108
107
438
199
278
443
442
441
445
444
108
107
438
199
278
443
442
441
445
444
108
107
438
199
278
443
442
441
445
444
108
107
438
199
278
443
442
441
445
444
108
107
438
199
278
443
442
441
445
444
108
107
438
199
278
443
442
441
445
444
108
107
438
199
278
443
442
441
445
444
108
107
438
199
278
443
442
441
445
444
108
107
438
199
278
443
442
441
445
444
108
107
438
199
278
443
442
441
445
444
108
107
438
199
278
443
442
441
445
444
108
107
438
199
278
443
442
441
445
444
108
107
438
199
278
443
442
441
445
444
108
107
438
199
278
443
442
441
445
444
108
107
438
199
278
443
442
441
445
444
108
107
438
199
278
443
442
441
445
444
108
107
438
199
278
443
442
441
445
444
108
107
438
199
278
443
442
441
445
444
108
107
438
199
278
443
442
441
445
444
108
107
438
199
278
443
442
441
445
444
108
107
438
199
278
443
442
441
445
444
108
107
438
199
278
443
442
441
445
444
108
107
438
199
278
443
442
441
445
444
108
107
438
199
278
443
442
441
445
444
108
107
438
199
278
443
442
441
445
444
108
107
438
199
278
443
442
441
445
444
108
107
438
199
278
443
442
441
445
444
108
107
438
199
278
443
442
441
445
444
108
107
438
199
278
443
442
441
445
444
108
107
438
199
278
443
442
441
445
444
108
107
438
199
278
443
442
441
445
444
108
107
438
199
278
443
442
441
445
444
108
107
438
199
278
443
442
441
445
444
108
107
438
199
278
443
442
441
445
444
108
107
438
199
278
443
442
441
445
444
108
107
438
