0
347
277
449
448
436
435
430
334
148
0
347
277
449
448
436
435
430
334
148
0
347
277
449
448
436
435
430
334
148
0
347
277
449
448
436
435
430
334
148
0
347
277
449
448
436
435
430
334
148
0
347
277
449
448
436
435
430
334
148
0
347
277
449
448
436
435
430
334
148
0
347
277
449
448
436
435
430
334
148
0
347
277
449
448
436
435
430
334
148
0
347
277
449
448
436
435
430
334
148
0
347
277
449
448
436
435
430
334
148
0
347
277
449
448
436
435
430
334
148
0
347
277
449
448
436
435
430
334
148
0
347
277
449
448
436
435
430
334
148
0
347
277
449
448
436
435
430
334
148
0
347
277
449
448
436
435
430
334
148
0
347
277
449
448
436
435
430
334
148
0
347
277
449
448
436
435
430
334
148
0
347
277
449
448
436
435
430
334
148
0
347
277
449
448
436
435
430
334
148
0
347
277
449
448
436
435
430
334
148
0
347
277
449
448
436
435
430
334
148
0
347
277
449
448
436
435
430
334
148
0
347
277
449
448
436
435
430
334
148
0
347
277
449
448
436
435
430
334
148
0
347
277
449
448
436
435
430
334
148
0
347
277
449
448
436
435
430
334
148
0
347
277
449
448
436
435
430
334
148
0
347
277
449
448
436
435
430
334
148
0
347
277
449
448
436
435
430
334
148
0
347
277
449
448
436
435
430
334
148
0
347
277
449
448
436
435
430
334
148
0
347
277
449
448
436
435
430
334
148
0
347
277
449
448
436
435
430
334
148
0
347
277
449
448
436
435
430
334
148
0
347
277
449
448
436
435
430
334
148
0
347
277
449
448
436
435
430
334
148
0
347
277
449
448
436
435
430
334
148
0
347
277
449
448
436
435
430
334
148
0
347
277
449
448
436
435
430
334
148
0
347
277
449
448
436
435
430
334
148
0
347
277
449
448
436
435
430
334
148
0
347
277
449
448
436
435
430
334
148
0
347
277
449
448
436
435
430
334
148
0
347
277
449
448
436
435
430
334
148
0
347
277
449
448
436
435
430
334
148
0
347
277
449
448
436
435
430
334
148
0
347
277
449
448
436
435
430
334
148
0
347
277
449
448
436
435
430
334
148
0
347
277
449
448
436
435
430
334
148
