29
59
58
54
57
29
59
58
54
57
29
59
58
54
57
29
59
58
54
57
29
59
58
54
57
29
59
58
54
57
29
59
58
54
57
29
59
58
54
57
29
59
58
54
57
29
59
58
54
57
29
59
58
54
57
29
59
58
54
57
29
59
58
54
57
29
59
58
54
57
29
59
58
54
57
29
59
58
54
57
29
59
58
54
57
29
59
58
54
57
29
59
58
54
57
29
59
58
54
57
29
59
58
54
57
29
59
58
54
57
29
59
58
54
57
29
59
58
54
57
29
59
58
54
57
29
59
58
54
57
29
59
58
54
57
29
59
58
54
57
29
59
58
54
57
29
59
58
54
57
29
59
58
54
57
29
59
58
54
57
29
59
58
54
57
29
59
58
54
57
29
59
58
54
57
29
59
58
54
57
29
59
58
54
57
29
59
58
54
57
29
59
58
54
57
29
59
58
54
57
29
59
58
54
57
29
59
58
54
57
29
59
58
54
57
29
59
58
54
57
29
59
58
54
57
29
59
58
54
57
29
59
58
54
57
29
59
58
54
57
29
59
58
54
57
29
59
58
54
57
