59
52
88
37
36
59
52
88
37
36
59
52
88
37
36
59
52
88
37
36
59
52
88
37
36
59
52
88
37
36
59
52
88
37
36
59
52
88
37
36
59
52
88
37
36
59
52
88
37
36
59
52
88
37
36
59
52
88
37
36
59
52
88
37
36
59
52
88
37
36
59
52
88
37
36
59
52
88
37
36
59
52
88
37
36
59
52
88
37
36
59
52
88
37
36
59
52
88
37
36
59
52
88
37
36
59
52
88
37
36
59
52
88
37
36
59
52
88
37
36
59
52
88
37
36
59
52
88
37
36
59
52
88
37
36
59
52
88
37
36
59
52
88
37
36
59
52
88
37
36
59
52
88
37
36
59
52
88
37
36
59
52
88
37
36
59
52
88
37
36
59
52
88
37
36
59
52
88
37
36
59
52
88
37
36
59
52
88
37
36
59
52
88
37
36
59
52
88
37
36
59
52
88
37
36
59
52
88
37
36
59
52
88
37
36
59
52
88
37
36
59
52
88
37
36
59
52
88
37
36
59
52
88
37
36
59
52
88
37
36
59
52
88
37
36
59
52
88
37
36
