0
347
342
343
348
449
448
441
447
439
0
347
342
343
348
449
448
441
447
439
0
347
342
343
348
449
448
441
447
439
0
347
342
343
348
449
448
441
447
439
0
347
342
343
348
449
448
441
447
439
0
347
342
343
348
449
448
441
447
439
0
347
342
343
348
449
448
441
447
439
0
347
342
343
348
449
448
441
447
439
0
347
342
343
348
449
448
441
447
439
0
347
342
343
348
449
448
441
447
439
0
347
342
343
348
449
448
441
447
439
0
347
342
343
348
449
448
441
447
439
0
347
342
343
348
449
448
441
447
439
0
347
342
343
348
449
448
441
447
439
0
347
342
343
348
449
448
441
447
439
0
347
342
343
348
449
448
441
447
439
0
347
342
343
348
449
448
441
447
439
0
347
342
343
348
449
448
441
447
439
0
347
342
343
348
449
448
441
447
439
0
347
342
343
348
449
448
441
447
439
0
347
342
343
348
449
448
441
447
439
0
347
342
343
348
449
448
441
447
439
0
347
342
343
348
449
448
441
447
439
0
347
342
343
348
449
448
441
447
439
0
347
342
343
348
449
448
441
447
439
0
347
342
343
348
449
448
441
447
439
0
347
342
343
348
449
448
441
447
439
0
347
342
343
348
449
448
441
447
439
0
347
342
343
348
449
448
441
447
439
0
347
342
343
348
449
448
441
447
439
0
347
342
343
348
449
448
441
447
439
0
347
342
343
348
449
448
441
447
439
0
347
342
343
348
449
448
441
447
439
0
347
342
343
348
449
448
441
447
439
0
347
342
343
348
449
448
441
447
439
0
347
342
343
348
449
448
441
447
439
0
347
342
343
348
449
448
441
447
439
0
347
342
343
348
449
448
441
447
439
0
347
342
343
348
449
448
441
447
439
0
347
342
343
348
449
448
441
447
439
0
347
342
343
348
449
448
441
447
439
0
347
342
343
348
449
448
441
447
439
0
347
342
343
348
449
448
441
447
439
0
347
342
343
348
449
448
441
447
439
0
347
342
343
348
449
448
441
447
439
0
347
342
343
348
449
448
441
447
439
0
347
342
343
348
449
448
441
447
439
0
347
342
343
348
449
448
441
447
439
0
347
342
343
348
449
448
441
447
439
0
347
342
343
348
449
448
441
447
439
