348
294
295
290
291
194
193
448
447
102
348
294
295
290
291
194
193
448
447
102
348
294
295
290
291
194
193
448
447
102
348
294
295
290
291
194
193
448
447
102
348
294
295
290
291
194
193
448
447
102
348
294
295
290
291
194
193
448
447
102
348
294
295
290
291
194
193
448
447
102
348
294
295
290
291
194
193
448
447
102
348
294
295
290
291
194
193
448
447
102
348
294
295
290
291
194
193
448
447
102
348
294
295
290
291
194
193
448
447
102
348
294
295
290
291
194
193
448
447
102
348
294
295
290
291
194
193
448
447
102
348
294
295
290
291
194
193
448
447
102
348
294
295
290
291
194
193
448
447
102
348
294
295
290
291
194
193
448
447
102
348
294
295
290
291
194
193
448
447
102
348
294
295
290
291
194
193
448
447
102
348
294
295
290
291
194
193
448
447
102
348
294
295
290
291
194
193
448
447
102
348
294
295
290
291
194
193
448
447
102
348
294
295
290
291
194
193
448
447
102
348
294
295
290
291
194
193
448
447
102
348
294
295
290
291
194
193
448
447
102
348
294
295
290
291
194
193
448
447
102
348
294
295
290
291
194
193
448
447
102
348
294
295
290
291
194
193
448
447
102
348
294
295
290
291
194
193
448
447
102
348
294
295
290
291
194
193
448
447
102
348
294
295
290
291
194
193
448
447
102
348
294
295
290
291
194
193
448
447
102
348
294
295
290
291
194
193
448
447
102
348
294
295
290
291
194
193
448
447
102
348
294
295
290
291
194
193
448
447
102
348
294
295
290
291
194
193
448
447
102
348
294
295
290
291
194
193
448
447
102
348
294
295
290
291
194
193
448
447
102
348
294
295
290
291
194
193
448
447
102
348
294
295
290
291
194
193
448
447
102
348
294
295
290
291
194
193
448
447
102
348
294
295
290
291
194
193
448
447
102
348
294
295
290
291
194
193
448
447
102
348
294
295
290
291
194
193
448
447
102
348
294
295
290
291
194
193
448
447
102
348
294
295
290
291
194
193
448
447
102
348
294
295
290
291
194
193
448
447
102
348
294
295
290
291
194
193
448
447
102
348
294
295
290
291
194
193
448
447
102
348
294
295
290
291
194
193
448
447
102
348
294
295
290
291
194
193
448
447
102
