165
132
131
139
166
165
132
131
139
166
165
132
131
139
166
165
132
131
139
166
165
132
131
139
166
165
132
131
139
166
165
132
131
139
166
165
132
131
139
166
165
132
131
139
166
165
132
131
139
166
165
132
131
139
166
165
132
131
139
166
165
132
131
139
166
165
132
131
139
166
165
132
131
139
166
165
132
131
139
166
165
132
131
139
166
165
132
131
139
166
165
132
131
139
166
165
132
131
139
166
165
132
131
139
166
165
132
131
139
166
165
132
131
139
166
165
132
131
139
166
165
132
131
139
166
165
132
131
139
166
165
132
131
139
166
165
132
131
139
166
165
132
131
139
166
165
132
131
139
166
165
132
131
139
166
165
132
131
139
166
165
132
131
139
166
165
132
131
139
166
165
132
131
139
166
165
132
131
139
166
165
132
131
139
166
165
132
131
139
166
165
132
131
139
166
165
132
131
139
166
165
132
131
139
166
165
132
131
139
166
165
132
131
139
166
165
132
131
139
166
165
132
131
139
166
165
132
131
139
166
165
132
131
139
166
165
132
131
139
166
165
132
131
139
166
165
132
131
139
166
