9528
9259
9255
6217
9755
9758
9524
9967
9961
9962
9969
9502
9503
9500
8520
6234
9770
8867
8865
9942
9940
9944
9564
9144
8509
9171
9718
9713
9717
9714
8889
7770
3918
9926
8888
9528
9259
9255
6217
9755
9758
9524
9967
9961
9962
9969
9502
9503
9500
8520
6234
9770
8867
8865
9942
9940
9944
9564
9144
8509
9171
9718
9713
9717
9714
8889
7770
3918
9926
8888
9528
9259
9255
6217
9755
9758
9524
9967
9961
9962
9969
9502
9503
9500
8520
6234
9770
8867
8865
9942
9940
9944
9564
9144
8509
9171
9718
9713
9717
9714
8889
7770
3918
9926
8888
9528
9259
9255
6217
9755
9758
9524
9967
9961
9962
9969
9502
9503
9500
8520
6234
9770
8867
8865
9942
9940
9944
9564
9144
8509
9171
9718
9713
9717
9714
8889
7770
3918
9926
8888
9528
9259
9255
6217
9755
9758
9524
9967
9961
9962
9969
9502
9503
9500
8520
6234
9770
8867
8865
9942
9940
9944
9564
9144
8509
9171
9718
9713
9717
9714
8889
7770
3918
9926
8888
9528
9259
9255
6217
9755
9758
9524
9967
9961
9962
9969
9502
9503
9500
8520
6234
9770
8867
8865
9942
9940
9944
9564
9144
8509
9171
9718
9713
9717
9714
8889
7770
3918
9926
8888
9528
9259
9255
6217
9755
9758
9524
9967
9961
9962
9969
9502
9503
9500
8520
6234
9770
8867
8865
9942
9940
9944
9564
9144
8509
9171
9718
9713
9717
9714
8889
7770
3918
9926
8888
9528
9259
9255
6217
9755
9758
9524
9967
9961
9962
9969
9502
9503
9500
8520
6234
9770
8867
8865
9942
9940
9944
9564
9144
8509
9171
9718
9713
9717
9714
8889
7770
3918
9926
8888
9528
9259
9255
6217
9755
9758
9524
9967
9961
9962
9969
9502
9503
9500
8520
6234
9770
8867
8865
9942
9940
9944
9564
9144
8509
9171
9718
9713
9717
9714
8889
7770
3918
9926
8888
9528
9259
9255
6217
9755
9758
9524
9967
9961
9962
9969
9502
9503
9500
8520
6234
9770
8867
8865
9942
9940
9944
9564
9144
8509
9171
9718
9713
9717
9714
8889
7770
3918
9926
8888
9528
9259
9255
6217
9755
9758
9524
9967
9961
9962
9969
9502
9503
9500
8520
6234
9770
8867
8865
9942
9940
9944
9564
9144
8509
9171
9718
9713
9717
9714
8889
7770
3918
9926
8888
9528
9259
9255
6217
9755
9758
9524
9967
9961
9962
9969
9502
9503
9500
8520
6234
9770
8867
8865
9942
9940
9944
9564
9144
8509
9171
9718
9713
9717
9714
8889
7770
3918
9926
8888
9528
9259
9255
6217
9755
9758
9524
9967
9961
9962
9969
9502
9503
9500
8520
6234
9770
8867
8865
9942
9940
9944
9564
9144
8509
9171
9718
9713
9717
9714
8889
7770
3918
9926
8888
9528
9259
9255
6217
9755
9758
9524
9967
9961
9962
9969
9502
9503
9500
8520
6234
9770
8867
8865
9942
9940
9944
9564
9144
8509
9171
9718
9713
9717
9714
8889
7770
3918
9926
8888
9528
9259
9255
6217
9755
9758
9524
9967
9961
9962
9969
9502
9503
9500
8520
6234
9770
8867
8865
9942
9940
9944
9564
9144
8509
9171
9718
9713
9717
9714
8889
7770
3918
9926
8888
9528
9259
9255
6217
9755
9758
9524
9967
9961
9962
9969
9502
9503
9500
8520
6234
9770
8867
8865
9942
9940
9944
9564
9144
8509
9171
9718
9713
9717
9714
8889
7770
3918
9926
8888
9528
9259
9255
6217
9755
9758
9524
9967
9961
9962
9969
9502
9503
9500
8520
6234
9770
8867
8865
9942
9940
9944
9564
9144
8509
9171
9718
9713
9717
9714
8889
7770
3918
9926
8888
9528
9259
9255
6217
9755
9758
9524
9967
9961
9962
9969
9502
9503
9500
8520
6234
9770
8867
8865
9942
9940
9944
9564
9144
8509
9171
9718
9713
9717
9714
8889
7770
3918
9926
8888
9528
9259
9255
6217
9755
9758
9524
9967
9961
9962
9969
9502
9503
9500
8520
6234
9770
8867
8865
9942
9940
9944
9564
9144
8509
9171
9718
9713
9717
9714
8889
7770
3918
9926
8888
9528
9259
9255
6217
9755
9758
9524
9967
9961
9962
9969
9502
9503
9500
8520
6234
9770
8867
8865
9942
9940
9944
9564
9144
8509
9171
9718
9713
9717
9714
8889
7770
3918
9926
8888
9528
9259
9255
6217
9755
9758
9524
9967
9961
9962
9969
9502
9503
9500
8520
6234
9770
8867
8865
9942
9940
9944
9564
9144
8509
9171
9718
9713
9717
9714
8889
7770
3918
9926
8888
9528
9259
9255
6217
9755
9758
9524
9967
9961
9962
9969
9502
9503
9500
8520
6234
9770
8867
8865
9942
9940
9944
9564
9144
8509
9171
9718
9713
9717
9714
8889
7770
3918
9926
8888
9528
9259
9255
6217
9755
9758
9524
9967
9961
9962
9969
9502
9503
9500
8520
6234
9770
8867
8865
9942
9940
9944
9564
9144
8509
9171
9718
9713
9717
9714
8889
7770
3918
9926
8888
9528
9259
9255
6217
9755
9758
9524
9967
9961
9962
9969
9502
9503
9500
8520
6234
9770
8867
8865
9942
9940
9944
9564
9144
8509
9171
9718
9713
9717
9714
8889
7770
3918
9926
8888
9528
9259
9255
6217
9755
9758
9524
9967
9961
9962
9969
9502
9503
9500
8520
6234
9770
8867
8865
9942
9940
9944
9564
9144
8509
9171
9718
9713
9717
9714
8889
7770
3918
9926
8888
9528
9259
9255
6217
9755
9758
9524
9967
9961
9962
9969
9502
9503
9500
8520
6234
9770
8867
8865
9942
9940
9944
9564
9144
8509
9171
9718
9713
9717
9714
8889
7770
3918
9926
8888
9528
9259
9255
6217
9755
9758
9524
9967
9961
9962
9969
9502
9503
9500
8520
6234
9770
8867
8865
9942
9940
9944
9564
9144
8509
9171
9718
9713
9717
9714
8889
7770
3918
9926
8888
9528
9259
9255
6217
9755
9758
9524
9967
9961
9962
9969
9502
9503
9500
8520
6234
9770
8867
8865
9942
9940
9944
9564
9144
8509
9171
9718
9713
9717
9714
8889
7770
3918
9926
8888
9528
9259
9255
6217
9755
9758
9524
9967
9961
9962
9969
9502
9503
9500
8520
6234
9770
8867
8865
9942
9940
9944
9564
9144
8509
9171
9718
9713
9717
9714
8889
7770
3918
9926
8888
9528
9259
9255
6217
9755
9758
9524
9967
9961
9962
9969
9502
9503
9500
8520
6234
9770
8867
8865
9942
9940
9944
9564
9144
8509
9171
9718
9713
9717
9714
8889
7770
3918
9926
8888
9528
9259
9255
6217
9755
9758
9524
9967
9961
9962
9969
9502
9503
9500
8520
6234
9770
8867
8865
9942
9940
9944
9564
9144
8509
9171
9718
9713
9717
9714
8889
7770
3918
9926
8888
9528
9259
9255
6217
9755
9758
9524
9967
9961
9962
9969
9502
9503
9500
8520
6234
9770
8867
8865
9942
9940
9944
9564
9144
8509
9171
9718
9713
9717
9714
8889
7770
3918
9926
8888
9528
9259
9255
6217
9755
9758
9524
9967
9961
9962
9969
9502
9503
9500
8520
6234
9770
8867
8865
9942
9940
9944
9564
9144
8509
9171
9718
9713
9717
9714
8889
7770
3918
9926
8888
9528
9259
9255
6217
9755
9758
9524
9967
9961
9962
9969
9502
9503
9500
8520
6234
9770
8867
8865
9942
9940
9944
9564
9144
8509
9171
9718
9713
9717
9714
8889
7770
3918
9926
8888
9528
9259
9255
6217
9755
9758
9524
9967
9961
9962
9969
9502
9503
9500
8520
6234
9770
8867
8865
9942
9940
9944
9564
9144
8509
9171
9718
9713
9717
9714
8889
7770
3918
9926
8888
9528
9259
9255
6217
9755
9758
9524
9967
9961
9962
9969
9502
9503
9500
8520
6234
9770
8867
8865
9942
9940
9944
9564
9144
8509
9171
9718
9713
9717
9714
8889
7770
3918
9926
8888
9528
9259
9255
6217
9755
9758
9524
9967
9961
9962
9969
9502
9503
9500
8520
6234
9770
8867
8865
9942
9940
9944
9564
9144
8509
9171
9718
9713
9717
9714
8889
7770
3918
9926
8888
9528
9259
9255
6217
9755
9758
9524
9967
9961
9962
9969
9502
9503
9500
8520
6234
9770
8867
8865
9942
9940
9944
9564
9144
8509
9171
9718
9713
9717
9714
8889
7770
3918
9926
8888
9528
9259
9255
6217
9755
9758
9524
9967
9961
9962
9969
9502
9503
9500
8520
6234
9770
8867
8865
9942
9940
9944
9564
9144
8509
9171
9718
9713
9717
9714
8889
7770
3918
9926
8888
9528
9259
9255
6217
9755
9758
9524
9967
9961
9962
9969
9502
9503
9500
8520
6234
9770
8867
8865
9942
9940
9944
9564
9144
8509
9171
9718
9713
9717
9714
8889
7770
3918
9926
8888
9528
9259
9255
6217
9755
9758
9524
9967
9961
9962
9969
9502
9503
9500
8520
6234
9770
8867
8865
9942
9940
9944
9564
9144
8509
9171
9718
9713
9717
9714
8889
7770
3918
9926
8888
9528
9259
9255
6217
9755
9758
9524
9967
9961
9962
9969
9502
9503
9500
8520
6234
9770
8867
8865
9942
9940
9944
9564
9144
8509
9171
9718
9713
9717
9714
8889
7770
3918
9926
8888
9528
9259
9255
6217
9755
9758
9524
9967
9961
9962
9969
9502
9503
9500
8520
6234
9770
8867
8865
9942
9940
9944
9564
9144
8509
9171
9718
9713
9717
9714
8889
7770
3918
9926
8888
9528
9259
9255
6217
9755
9758
9524
9967
9961
9962
9969
9502
9503
9500
8520
6234
9770
8867
8865
9942
9940
9944
9564
9144
8509
9171
9718
9713
9717
9714
8889
7770
3918
9926
8888
9528
9259
9255
6217
9755
9758
9524
9967
9961
9962
9969
9502
9503
9500
8520
6234
9770
8867
8865
9942
9940
9944
9564
9144
8509
9171
9718
9713
9717
9714
8889
7770
3918
9926
8888
9528
9259
9255
6217
9755
9758
9524
9967
9961
9962
9969
9502
9503
9500
8520
6234
9770
8867
8865
9942
9940
9944
9564
9144
8509
9171
9718
9713
9717
9714
8889
7770
3918
9926
8888
9528
9259
9255
6217
9755
9758
9524
9967
9961
9962
9969
9502
9503
9500
8520
6234
9770
8867
8865
9942
9940
9944
9564
9144
8509
9171
9718
9713
9717
9714
8889
7770
3918
9926
8888
9528
9259
9255
6217
9755
9758
9524
9967
9961
9962
9969
9502
9503
9500
8520
6234
9770
8867
8865
9942
9940
9944
9564
9144
8509
9171
9718
9713
9717
9714
8889
7770
3918
9926
8888
9528
9259
9255
6217
9755
9758
9524
9967
9961
9962
9969
9502
9503
9500
8520
6234
9770
8867
8865
9942
9940
9944
9564
9144
8509
9171
9718
9713
9717
9714
8889
7770
3918
9926
8888
9528
9259
9255
6217
9755
9758
9524
9967
9961
9962
9969
9502
9503
9500
8520
6234
9770
8867
8865
9942
9940
9944
9564
9144
8509
9171
9718
9713
9717
9714
8889
7770
3918
9926
8888
