56
145
148
53
77
108
91
107
248
135
91
77
49
50
53
59
10
248
108
148
107
50
77
135
91
53
59
10
108
148
108
107
53
10
77
248
148
59
56
57
108
248
135
148
145
107
77
56
91
53
57
107
10
148
108
77
49
53
248
91
59
135
53
10
107
248
148
108
49
145
10
248
145
49
148
56
91
53
108
59
77
248
148
10
108
107
145
50
56
53
53
49
59
135
248
108
91
56
10
50
148
77
135
49
59
56
145
91
108
50
108
145
77
248
56
107
148
50
53
135
50
59
56
145
57
135
108
77
91
53
53
50
135
148
91
59
57
56
248
49
57
108
49
107
10
248
91
148
77
56
145
50
91
108
49
148
59
53
135
57
57
50
248
56
135
91
77
49
145
10
77
56
49
135
50
57
91
107
53
10
10
56
53
248
91
57
49
50
148
135
108
107
59
77
148
50
49
57
91
135
77
49
50
91
53
145
135
248
108
59
56
145
10
107
135
59
248
50
108
91
10
77
135
53
56
49
108
145
107
248
248
49
59
108
57
107
148
10
135
50
57
77
56
107
50
10
59
91
248
145
91
59
57
10
56
135
107
145
77
50
91
49
53
108
59
10
56
145
57
107
145
91
49
50
135
77
148
56
10
57
148
145
49
135
91
77
59
107
108
50
53
49
91
145
50
107
56
248
10
59
107
10
91
148
135
56
50
77
49
108
148
53
108
91
56
49
135
145
59
107
53
57
50
148
77
135
91
56
107
10
248
108
53
91
148
56
145
135
10
57
108
77
145
135
53
56
59
148
107
10
248
107
77
56
50
91
108
148
10
57
107
108
59
145
50
49
10
77
56
148
145
135
53
57
56
91
10
77
108
148
107
91
145
57
59
108
49
50
53
248
53
108
10
59
50
135
77
148
145
107
57
145
91
248
59
50
108
135
77
107
77
145
91
148
57
108
50
107
56
135
53
56
135
148
248
77
49
57
91
10
108
49
77
53
148
10
135
50
107
57
57
107
49
145
108
56
77
10
50
91
57
77
108
49
107
59
91
53
145
248
77
248
59
10
57
91
135
50
108
148
10
49
53
108
135
50
107
77
148
145
59
53
148
91
49
50
56
135
57
10
10
53
49
135
107
91
108
248
145
56
