25
88
1
130
87
96
69
70
39
90
77
87
25
96
1
130
75
88
39
23
96
69
77
70
215
87
75
25
90
130
23
75
130
96
39
88
87
77
1
125
25
1
88
23
75
87
70
39
125
77
23
87
75
88
96
69
125
77
39
25
69
87
23
39
75
88
215
77
130
1
1
130
215
96
75
39
88
77
125
23
90
23
39
130
75
70
215
77
125
69
75
25
23
215
88
39
77
1
90
87
87
23
39
88
75
96
25
130
215
69
96
75
77
88
70
1
23
90
87
25
215
23
125
25
69
70
96
1
87
77
69
77
125
1
75
23
87
215
70
96
39
90
125
25
88
96
70
1
75
87
1
90
88
215
77
87
70
96
39
130
1
96
39
75
69
25
125
90
88
23
25
69
130
90
70
88
87
39
23
96
39
77
88
215
90
70
25
1
75
96
88
70
87
125
23
1
25
215
75
130
23
70
77
125
1
25
90
215
75
96
75
88
39
70
23
215
25
1
90
130
130
39
69
70
125
88
87
77
23
90
1
87
75
69
77
70
96
23
125
90
87
1
125
215
23
25
130
77
39
96
23
87
1
130
96
75
69
77
25
215
87
70
77
23
1
69
125
25
90
39
39
125
87
75
90
69
77
130
25
70
75
39
130
215
25
69
87
1
70
77
125
39
88
215
25
90
70
87
96
1
23
88
77
215
25
69
96
75
90
87
75
87
70
25
88
1
125
23
69
39
88
70
77
130
96
215
125
23
87
90
88
23
96
130
25
87
1
69
70
39
39
25
125
69
96
215
130
23
77
88
96
90
215
87
23
25
77
70
130
88
90
70
88
39
96
75
130
77
69
87
25
130
75
69
87
39
23
70
90
125
39
125
23
1
130
215
69
77
96
88
87
88
23
96
1
90
39
125
215
75
69
75
88
130
39
1
90
23
70
215
88
75
39
90
23
215
69
25
1
87
90
88
1
215
70
96
75
25
39
23
96
215
70
23
88
69
130
77
90
87
90
87
130
25
70
39
88
1
96
77
77
96
70
39
25
23
1
130
215
87
77
215
69
23
130
90
1
125
87
75
25
75
90
23
96
77
88
1
87
69
88
90
125
69
77
87
39
23
25
75
130
1
215
70
39
23
77
90
125
88
