9
37
223
27
91
215
143
104
60
58
104
37
143
97
62
73
60
234
9
215
62
104
9
58
143
73
97
37
234
27
9
62
37
1
223
143
60
27
215
104
58
1
60
104
97
234
143
37
223
62
234
27
223
37
1
73
91
58
9
143
60
234
91
9
223
58
1
73
215
97
1
104
234
60
9
215
97
58
37
91
9
97
91
60
37
223
73
27
104
234
73
97
234
60
62
27
91
104
143
223
234
97
91
58
1
73
215
27
62
37
58
27
215
60
143
104
37
234
73
9
97
215
1
9
27
104
143
62
60
234
215
97
104
37
9
58
223
60
62
234
27
1
60
234
37
104
143
223
58
91
60
27
97
223
234
62
104
37
215
1
215
223
58
60
234
91
62
27
104
97
73
91
223
58
62
143
97
215
1
9
73
9
1
97
60
37
91
62
234
143
143
223
234
58
97
104
1
62
91
73
9
143
234
104
37
215
62
223
73
1
58
27
1
9
97
234
143
60
223
73
97
234
223
58
73
37
215
60
27
91
91
73
60
62
9
37
223
234
215
143
37
27
223
143
97
73
234
9
91
58
215
60
104
97
143
73
223
27
62
9
9
58
215
104
97
234
62
1
60
91
1
91
104
143
62
223
27
234
37
58
60
91
9
223
73
37
143
215
97
1
91
73
37
97
143
223
234
27
62
60
62
91
223
9
104
1
215
37
97
73
234
91
62
104
37
73
27
143
9
60
215
223
1
234
73
97
62
9
37
104
234
91
1
27
143
37
97
60
223
104
215
97
104
60
9
223
143
37
234
1
1
9
223
27
91
234
58
62
97
73
97
104
9
91
62
60
73
1
58
27
143
73
234
58
91
62
37
104
97
9
60
73
97
104
234
27
9
215
58
143
9
1
223
37
143
215
58
91
27
104
9
27
37
58
97
215
223
62
234
1
104
27
60
73
91
9
234
62
215
143
223
58
62
73
91
60
37
104
1
27
97
223
60
62
104
234
143
91
9
215
37
97
73
234
215
27
223
62
9
60
37
91
234
9
97
27
62
60
223
104
60
143
97
62
223
104
91
9
234
1
1
97
60
143
91
62
223
27
37
215
60
58
234
73
9
143
62
97
223
215
37
60
27
62
143
97
58
223
215
104
