84
83
9
93
3
81
143
2
110
7
80
11
110
1
143
83
84
4
93
7
7
3
1
110
81
83
2
9
84
236
80
84
9
1
2
110
236
7
93
83
83
1
110
7
93
11
80
236
84
143
11
9
7
81
1
143
236
84
80
110
2
81
9
110
3
83
143
236
1
11
110
7
9
143
3
80
4
84
83
81
80
2
3
83
81
11
7
1
143
110
7
4
143
2
236
80
1
84
81
3
4
3
93
2
143
7
236
9
110
84
93
7
3
9
83
143
110
4
81
2
4
11
9
143
7
81
236
2
84
93
80
11
236
2
3
1
81
84
83
9
9
2
110
236
84
3
143
80
11
83
83
81
4
110
236
80
9
84
3
7
80
83
236
2
84
143
110
7
1
93
83
9
236
143
93
81
1
4
11
2
7
4
11
3
80
2
81
84
110
93
93
9
236
84
80
7
110
83
143
1
93
2
3
9
11
81
4
236
143
7
236
9
81
11
84
110
7
3
2
143
9
83
4
80
11
2
93
110
3
236
9
80
236
7
83
143
4
1
3
11
81
236
83
1
9
3
80
84
110
2
143
3
7
81
1
83
80
236
4
2
4
11
93
110
2
80
1
3
83
236
81
2
3
83
84
110
143
7
4
236
236
93
3
11
84
143
4
7
1
2
81
84
4
93
2
11
80
9
3
110
11
3
93
143
7
80
110
81
83
2
84
143
11
81
110
236
80
93
9
3
1
80
2
11
236
4
81
9
93
7
143
2
1
236
81
83
110
7
3
80
4
81
84
93
11
110
2
80
1
3
84
80
1
7
83
110
3
2
11
236
81
7
3
110
236
84
2
80
93
9
2
110
80
3
7
83
11
9
236
81
236
93
1
9
83
7
143
110
3
80
2
236
143
9
80
1
3
81
7
93
80
83
11
143
3
81
2
1
110
7
83
110
236
2
1
84
80
143
7
81
84
9
110
93
1
81
3
83
80
2
143
80
93
110
84
9
2
3
83
4
93
9
83
11
2
81
143
1
4
3
110
9
93
2
3
236
81
4
7
143
11
83
80
143
84
9
93
81
3
7
80
2
9
110
1
236
84
11
3
83
93
4
84
80
110
83
3
236
143
1
1
4
80
3
93
84
81
11
143
83
