137
349
131
167
38
128
129
80
261
330
349
167
38
80
128
187
261
81
137
129
137
38
81
330
349
131
150
80
261
129
38
81
167
129
264
187
330
80
137
128
167
137
80
330
81
131
354
349
129
38
354
81
261
187
137
129
264
150
330
167
131
167
128
354
261
137
38
81
264
150
264
38
261
150
349
137
129
80
128
354
137
167
128
187
80
131
38
264
330
150
354
81
264
330
129
128
187
261
80
137
81
330
261
150
128
354
131
137
187
38
129
137
264
330
349
38
128
81
131
261
128
131
264
261
80
129
38
81
137
150
354
38
261
128
150
129
137
187
167
349
187
330
38
150
137
128
264
81
261
129
261
150
129
80
131
187
167
128
137
81
129
354
330
131
128
80
349
150
167
38
150
131
137
167
354
349
330
128
261
129
354
129
167
187
150
261
330
349
264
80
137
261
150
187
349
128
167
129
330
38
131
261
187
150
137
128
354
129
264
167
167
81
80
131
128
264
330
137
150
354
354
131
129
264
261
38
167
349
128
187
131
354
187
261
81
38
167
80
330
150
150
167
349
129
131
81
261
137
128
264
137
167
80
38
128
187
330
150
354
131
137
264
187
167
330
131
261
349
38
129
349
81
187
131
128
80
264
129
330
167
167
81
354
261
131
128
264
38
349
129
129
80
354
349
150
167
81
330
187
137
330
264
38
131
349
129
128
167
81
80
264
330
354
261
81
131
167
150
137
80
131
38
129
330
187
81
150
261
137
80
38
131
349
261
264
137
354
150
330
80
187
131
81
354
330
150
167
129
128
349
80
261
128
330
129
354
264
167
38
137
128
354
131
38
349
261
150
187
167
137
354
131
129
81
330
128
349
264
137
80
261
330
38
354
137
150
131
81
187
80
349
80
354
131
261
129
187
264
38
167
150
38
129
80
330
354
128
167
81
137
38
187
261
330
80
264
81
137
349
129
264
128
167
129
38
187
261
330
131
80
349
81
128
38
80
261
167
150
187
129
261
264
129
354
38
187
81
128
349
330
137
264
187
80
81
167
354
128
330
150
81
150
264
261
131
354
129
137
330
187
330
187
349
129
354
261
150
80
81
264
264
261
131
80
129
330
354
187
128
81
261
81
80
330
167
38
131
354
187
349
