57
135
107
91
145
77
148
49
248
59
57
49
77
53
145
248
10
107
135
148
59
135
248
53
10
57
50
145
77
49
107
135
10
57
77
148
108
50
49
56
56
148
57
59
77
107
50
53
145
108
135
77
248
59
145
108
10
107
53
91
59
56
53
108
57
77
107
148
248
50
145
57
91
107
77
49
56
53
135
50
248
57
56
77
135
108
49
50
145
148
148
248
107
10
49
135
57
56
108
59
135
107
57
10
148
56
49
145
53
248
50
56
53
145
148
107
57
108
49
248
53
107
59
49
10
57
248
77
91
135
77
108
10
148
56
248
91
50
53
135
57
135
148
91
108
145
59
10
56
107
77
59
10
56
57
108
145
148
53
91
248
53
145
91
10
49
57
148
107
59
108
135
49
50
53
248
148
145
56
57
77
50
107
57
91
56
148
49
53
248
77
57
248
56
108
145
135
59
148
107
10
107
59
77
53
49
91
148
248
145
77
53
10
59
49
148
145
56
91
50
107
57
108
59
91
49
10
77
50
53
148
135
108
145
10
91
53
59
50
57
91
135
108
50
107
248
57
59
77
145
108
49
107
91
77
50
56
248
145
148
50
248
10
53
108
145
107
135
77
49
248
10
49
148
56
135
108
53
77
57
145
77
248
10
53
107
91
59
49
148
248
59
77
56
53
107
145
49
50
91
107
91
53
56
108
10
49
135
57
77
135
10
56
77
248
59
57
108
148
91
145
91
50
57
108
248
148
49
107
59
135
108
50
91
49
53
10
107
56
148
108
49
248
56
148
107
53
145
57
135
248
135
10
108
91
57
56
53
148
77
248
107
135
57
145
53
77
108
59
49
145
135
57
56
77
10
108
248
148
91
135
145
108
248
56
49
50
107
10
77
56
77
107
91
49
10
108
53
59
50
49
91
59
135
108
77
50
248
145
53
135
49
107
57
53
77
148
145
50
248
53
56
148
77
59
108
91
10
248
107
49
135
57
50
107
59
91
56
77
10
49
107
108
10
77
148
53
56
91
248
145
56
108
49
77
57
10
91
248
135
108
10
145
91
148
49
56
53
248
135
10
148
59
50
49
56
57
107
91
135
248
148
10
56
77
145
108
59
57
53
107
135
77
50
108
49
57
56
91
10
