1
215
27
104
37
143
97
234
73
223
37
58
62
73
97
91
223
234
104
27
73
60
37
58
104
27
97
62
143
9
62
234
27
9
223
143
58
215
60
91
143
37
223
62
234
1
104
91
97
27
62
143
97
104
215
91
9
223
60
1
37
215
60
62
104
73
9
58
1
27
73
1
97
27
62
143
58
60
9
215
97
91
1
104
62
73
60
223
143
215
1
9
62
58
91
215
60
223
97
27
1
9
37
104
27
73
62
60
215
143
234
104
27
73
143
58
60
9
215
62
1
91
223
27
104
234
215
143
60
37
143
215
73
104
27
62
9
223
37
1
60
97
58
73
215
104
9
62
143
234
62
1
37
73
58
60
9
215
104
143
27
1
62
73
223
215
234
91
97
104
73
91
60
104
27
9
215
62
1
58
97
73
37
223
215
143
9
91
104
1
91
62
215
1
27
37
143
104
234
58
62
37
223
27
215
60
143
73
1
58
104
27
73
37
143
62
91
215
234
60
215
234
37
27
97
9
62
143
1
104
91
9
223
60
58
73
215
143
1
97
1
91
60
37
27
234
58
223
215
104
9
91
27
62
97
234
223
215
37
73
234
37
73
97
104
27
91
223
60
62
223
9
58
27
143
1
104
97
234
62
97
104
234
60
9
143
37
215
73
1
58
215
104
223
9
37
234
27
60
1
143
234
1
58
91
223
73
27
97
60
143
73
215
91
223
27
234
1
62
60
234
27
223
73
62
1
97
91
104
58
143
73
9
60
37
104
234
91
223
27
223
58
9
143
37
62
60
1
73
234
58
104
1
9
215
234
37
97
223
60
91
37
27
104
60
143
58
97
62
1
1
27
58
60
143
215
97
91
73
104
1
215
60
37
234
91
143
97
223
58
73
234
27
37
97
223
215
60
91
1
143
37
1
215
97
60
58
73
9
104
143
97
104
73
91
58
234
9
27
60
143
62
234
27
215
1
97
223
58
9
60
62
73
58
234
91
104
97
27
1
1
91
62
37
143
27
223
104
9
73
91
73
62
234
27
223
1
143
37
97
62
9
223
37
27
58
60
104
97
73
1
215
27
73
223
91
62
58
97
37
37
223
60
27
9
234
62
97
104
143
27
234
1
215
37
9
223
73
143
58
