130
77
215
69
75
88
96
39
87
23
70
90
96
130
69
215
125
25
87
23
1
69
23
215
96
87
90
125
75
70
25
125
215
23
130
87
96
88
39
75
25
23
125
1
88
130
75
77
87
96
25
23
70
96
90
130
88
77
87
125
39
69
70
130
90
75
215
1
23
87
70
96
39
25
23
125
130
87
88
77
25
87
39
23
215
88
90
1
96
69
130
70
88
125
77
75
25
90
39
87
87
69
23
75
130
1
77
90
70
215
77
215
1
90
130
39
69
87
96
25
90
88
75
77
39
69
125
87
23
130
25
88
77
1
70
90
39
215
87
23
130
90
69
75
70
77
87
23
215
1
88
130
25
39
96
75
87
1
215
70
130
77
23
125
75
90
39
69
1
215
125
23
215
90
70
96
69
25
130
87
1
87
25
69
23
75
96
39
130
88
130
215
23
69
77
125
39
96
70
87
125
88
130
25
77
75
70
90
23
215
23
125
88
25
1
130
215
75
77
69
75
39
1
87
23
69
77
70
88
90
1
23
90
39
88
69
70
77
125
25
130
87
90
69
88
96
39
125
77
25
90
88
215
130
77
70
125
96
39
87
87
23
77
75
88
90
130
39
215
125
125
90
1
96
70
39
77
75
215
88
215
39
69
25
96
88
23
1
87
130
70
88
96
25
90
130
75
215
77
1
88
69
1
90
70
23
75
215
96
39
75
88
125
215
1
25
96
39
87
23
1
69
70
87
23
96
125
77
215
75
96
75
130
23
1
39
88
125
90
215
90
87
125
130
39
69
215
1
88
25
215
77
75
90
70
96
39
23
25
130
75
23
77
87
1
90
39
130
70
88
96
87
125
77
23
130
88
75
25
70
39
77
87
69
23
215
130
25
70
88
69
130
88
25
70
39
90
87
96
23
215
70
23
75
88
96
39
130
25
125
125
1
96
25
23
88
215
75
130
77
90
125
77
1
215
25
70
130
39
87
88
70
125
25
215
90
1
96
69
75
69
125
25
130
90
96
87
77
70
215
215
25
130
96
88
77
87
125
69
75
130
77
96
23
90
87
125
70
75
215
23
215
90
25
39
1
77
88
70
125
130
88
87
75
1
125
215
77
69
70
70
23
96
69
90
75
77
215
39
87
