39
33
51
30
21
21
30
51
39
33
23
30
51
11
33
21
51
11
39
23
51
11
33
39
21
21
11
51
33
23
33
30
11
39
21
39
21
51
23
33
21
39
23
11
51
51
39
30
11
33
39
51
23
33
30
23
11
33
21
30
30
11
21
51
33
51
33
23
39
21
30
51
21
23
33
39
33
30
11
21
51
21
30
11
23
39
21
30
51
23
23
39
51
33
11
30
39
11
51
33
11
21
51
23
33
39
21
11
30
33
33
30
51
21
23
11
23
39
33
51
51
21
30
23
11
51
11
39
23
21
30
51
39
33
21
30
11
21
33
51
21
23
39
11
51
23
11
21
30
51
30
51
21
23
11
33
11
21
23
51
51
11
39
21
30
30
33
23
39
21
21
11
30
33
51
11
30
39
33
21
51
39
11
33
30
51
33
23
11
30
33
51
11
23
39
21
51
30
11
33
51
33
11
23
30
39
11
23
51
21
11
51
23
30
21
33
23
21
30
11
21
11
23
51
39
11
30
23
33
21
21
51
23
30
33
51
23
33
21
39
30
11
33
51
23
11
30
51
39
21
