93
9
7
1
143
110
11
4
84
81
81
2
7
236
11
1
93
110
9
143
4
81
80
2
9
84
93
1
143
83
236
7
81
93
143
1
84
9
2
4
143
83
81
3
11
4
9
1
84
93
81
9
3
2
80
7
236
83
4
1
81
80
11
9
3
83
2
110
1
4
143
84
3
7
11
2
110
83
1
81
236
7
143
9
11
2
3
80
110
83
1
81
4
7
83
2
84
143
80
9
3
2
236
110
93
1
83
9
80
81
7
4
9
1
110
80
11
2
3
93
80
83
9
4
143
11
84
110
3
236
3
80
236
93
11
4
81
84
110
2
7
4
143
9
236
80
11
110
84
1
236
81
9
7
143
80
93
4
1
11
1
93
3
11
7
2
80
110
84
236
81
83
3
7
9
93
11
236
80
84
1
7
81
83
110
11
236
143
84
80
9
1
7
83
93
110
2
80
84
3
81
143
4
93
236
9
7
83
80
1
93
80
236
84
81
110
1
3
2
4
236
2
4
11
7
9
81
80
1
84
143
9
83
4
7
236
81
80
1
93
11
143
236
7
2
1
3
84
110
83
80
143
1
83
3
4
236
93
7
11
143
80
84
9
7
3
81
4
83
236
3
143
9
2
83
236
1
4
80
84
81
80
84
83
93
2
236
110
7
1
7
1
4
2
93
81
143
80
3
236
7
110
83
143
93
9
4
11
84
81
9
84
110
4
80
2
11
143
83
3
143
4
2
110
236
11
83
9
81
93
1
2
3
7
11
83
9
80
93
143
2
3
9
93
1
84
83
143
110
81
236
143
81
110
80
2
3
1
93
83
143
80
93
3
110
81
83
11
9
4
3
4
236
1
2
80
93
7
83
143
2
83
110
7
9
80
1
84
93
236
80
236
4
3
7
84
11
83
9
81
1
84
110
93
9
2
83
4
7
81
80
4
9
93
143
236
11
83
7
81
80
2
143
81
84
9
110
3
83
7
236
143
7
3
1
2
9
84
110
93
84
2
110
81
9
143
3
1
83
93
1
93
3
110
2
83
84
143
80
7
81
110
143
9
93
4
3
80
84
7
9
80
236
7
1
4
2
3
11
93
93
7
80
83
143
2
9
3
4
110
4
110
80
84
2
7
1
93
81
3
