10
9
8
13
33
9
13
17
8
2
13
10
17
2
33
2
13
9
10
33
9
2
33
8
17
9
10
2
13
17
17
10
33
2
9
8
2
9
10
33
10
8
17
33
2
13
33
2
10
17
10
2
13
9
33
8
10
2
13
9
17
9
2
13
33
9
2
13
33
8
10
2
17
13
8
13
2
10
8
9
9
10
17
8
33
2
13
8
10
17
13
2
8
9
17
9
2
10
13
17
8
33
17
10
13
2
10
17
9
8
2
33
13
10
8
10
13
2
8
9
17
9
33
2
13
13
2
9
8
17
8
9
33
13
10
2
8
17
13
10
10
2
8
9
17
8
33
17
9
13
2
9
8
17
10
8
9
17
13
10
13
9
8
33
2
33
9
8
2
10
13
8
10
17
33
13
10
17
9
33
9
17
2
8
13
17
9
8
33
2
2
10
17
9
33
9
10
33
2
13
10
9
13
17
8
2
8
10
17
9
17
2
9
8
33
17
13
9
8
10
33
2
9
10
8
10
17
13
8
33
2
10
9
13
17
13
10
9
2
33
10
33
2
9
17
33
10
8
17
13
