330
150
187
131
137
261
38
129
349
167
128
349
167
187
330
81
261
80
137
129
330
167
349
81
80
264
129
131
187
354
150
261
128
264
330
349
81
354
137
131
38
167
80
128
129
354
261
131
264
187
167
128
330
150
137
129
80
349
261
187
137
131
330
150
38
128
167
129
187
81
137
261
187
330
131
128
150
354
129
264
80
167
150
38
128
187
330
349
261
354
354
38
330
131
81
261
128
167
80
150
38
131
187
128
150
81
129
354
137
80
261
264
129
128
81
330
80
38
150
137
187
129
150
354
264
167
261
349
81
38
261
349
129
128
150
187
131
38
137
81
187
80
38
129
137
81
349
354
167
261
264
167
131
80
128
38
261
137
129
81
128
264
354
131
349
187
150
261
80
81
261
38
354
131
264
150
187
137
129
128
129
80
137
131
150
264
330
167
187
128
131
128
349
167
150
81
129
261
38
264
128
167
129
349
150
264
81
354
261
80
80
349
330
187
137
261
264
81
128
131
261
167
38
264
187
81
129
330
131
354
38
137
330
80
187
150
81
167
349
128
261
128
38
167
150
137
354
80
264
187
38
128
264
330
349
187
80
354
261
131
129
81
349
187
167
150
80
137
330
38
150
330
80
81
354
349
38
187
167
128
187
264
261
81
354
167
38
137
131
330
129
349
80
128
261
330
264
81
150
354
129
38
167
81
128
80
150
264
354
261
167
131
354
128
129
264
81
38
349
137
81
131
38
330
187
137
349
261
354
128
81
187
167
137
264
129
261
150
80
354
264
128
80
131
354
330
81
129
261
167
80
131
330
150
128
81
261
137
354
167
129
349
38
187
137
131
261
150
80
81
137
349
167
330
131
129
354
81
187
150
187
129
128
354
150
261
349
330
137
81
129
80
261
128
150
187
330
264
131
38
349
129
80
187
131
330
150
137
81
167
349
187
80
150
129
38
81
167
128
330
128
354
187
349
80
330
81
264
167
150
137
38
167
80
129
81
150
187
264
354
187
354
167
349
38
80
150
264
81
137
354
261
129
167
38
137
264
187
330
131
349
261
128
187
167
354
129
137
81
80
330
264
131
354
349
128
187
80
81
129
261
264
38
330
131
150
129
187
128
80
131
264
354
129
167
187
128
137
38
261
