111
584
106
79
672
471
70
894
851
38
73
410
1777
265
570
131
85
482
744
2
766
2
70
111
482
569
851
73
570
672
12
471
744
894
265
85
770
79
576
38
894
85
584
744
38
106
16
264
410
111
576
79
569
766
666
73
615
265
471
70
615
471
131
264
576
1777
111
672
766
79
85
16
894
12
570
70
666
2
569
744
569
38
482
1777
584
131
12
660
851
666
16
471
576
672
79
264
85
744
570
2
482
576
744
38
615
410
660
584
570
85
16
770
79
766
894
672
569
12
2
471
70
264
106
12
111
584
131
569
766
1777
38
85
672
666
770
744
471
570
615
576
851
471
131
482
106
894
672
576
111
744
265
615
73
766
12
16
570
1777
264
410
744
85
79
471
106
851
12
2
111
894
264
1777
770
570
576
482
38
410
615
569
766
615
584
744
576
410
106
38
12
131
570
482
851
265
666
770
70
79
672
471
410
264
16
79
2
744
766
584
106
660
73
570
672
482
70
131
770
894
265
111
70
471
12
85
894
38
766
482
666
264
2
660
106
672
111
569
615
131
770
1777
576
38
482
131
570
79
471
660
16
2
85
265
584
615
766
12
1777
569
770
744
584
1777
264
79
569
106
2
471
16
766
410
570
672
851
894
111
85
482
38
265
576
569
264
70
851
131
570
2
410
615
111
38
672
471
265
106
894
666
744
770
615
38
666
410
16
73
482
584
12
265
79
660
744
2
1777
770
111
264
570
131
615
38
410
264
584
106
111
16
471
770
482
672
12
570
2
1777
131
85
894
744
482
410
79
85
1777
744
770
615
570
471
851
111
766
584
131
38
70
16
894
106
744
410
894
576
666
660
672
615
770
584
570
482
12
471
16
1777
79
73
265
85
576
16
265
569
131
264
471
770
744
584
410
660
111
666
38
894
12
106
766
615
672
744
482
79
38
12
85
471
106
576
660
584
1777
894
570
265
770
16
851
264
264
615
1777
569
106
2
672
85
471
265
894
666
70
38
131
73
766
12
584
576
265
576
1777
16
106
410
569
111
672
38
85
12
770
73
482
131
70
894
660
584
12
584
766
73
410
265
106
38
131
770
666
264
70
851
570
660
576
894
1777
79
410
744
106
770
2
569
894
79
482
584
73
660
1777
38
85
265
264
471
851
16
615
1777
79
672
584
744
410
12
73
38
265
131
264
766
660
894
570
111
569
576
85
106
766
410
12
79
894
660
569
672
111
570
666
615
70
264
744
38
482
2
482
672
265
1777
894
851
410
85
70
264
471
16
12
576
744
73
2
38
660
570
131
12
70
576
744
851
410
672
38
1777
660
471
482
79
584
85
770
894
2
265
79
1777
85
70
894
12
570
264
38
576
766
672
744
16
660
471
410
2
666
569
851
79
894
569
106
73
615
131
666
570
744
766
70
264
2
471
111
38
1777
584
265
70
660
85
894
73
12
766
666
570
1777
264
106
111
38
131
744
2
410
79
576
482
660
851
12
672
131
570
264
85
569
79
265
106
471
744
16
111
2
666
666
16
660
744
471
770
70
264
131
265
85
569
576
38
894
106
1777
615
12
111
851
111
766
16
85
482
38
12
471
70
410
265
666
73
672
570
615
106
569
660
482
744
471
666
584
106
131
111
70
894
660
410
265
851
576
79
569
770
264
672
410
2
851
584
85
70
265
131
106
894
12
471
111
672
576
615
744
666
73
660
79
666
73
16
851
576
672
70
106
471
1777
766
569
770
264
85
894
111
660
265
660
79
569
131
482
410
851
264
894
38
666
85
744
615
70
106
16
12
672
770
12
766
584
482
79
2
16
744
1777
73
894
265
851
131
111
615
576
106
264
672
410
851
570
576
70
482
16
131
85
265
1777
672
38
471
660
584
666
12
106
73
111
666
16
615
766
672
73
38
851
70
131
2
1777
584
744
570
894
106
265
576
410
85
766
851
70
16
894
1777
569
584
111
660
106
265
666
570
73
2
264
38
12
482
73
85
615
70
38
570
851
131
265
584
410
264
2
770
569
106
471
766
660
576
79
73
12
38
2
570
666
569
851
482
265
70
410
584
766
471
85
16
894
471
482
569
265
615
264
766
851
576
70
660
73
410
744
666
111
85
79
570
672
264
12
85
73
2
569
482
265
666
744
576
894
38
16
584
131
79
106
410
2
111
666
770
744
16
265
70
471
1777
131
106
79
766
672
410
894
851
482
584
111
851
615
584
264
666
16
85
12
766
471
265
660
569
672
70
570
2
410
744
12
2
666
615
570
264
70
471
38
660
73
1777
111
744
482
770
569
894
16
851
