1
77
69
215
39
87
88
25
70
96
1
125
130
69
23
77
25
87
215
75
1
125
25
90
23
39
69
215
87
130
87
1
96
90
23
130
75
215
39
77
1
23
87
69
77
96
39
25
125
90
75
39
70
25
77
1
88
215
87
96
77
75
215
69
96
23
1
39
25
130
87
39
25
125
77
69
1
96
130
215
75
125
77
70
1
88
39
90
69
87
70
77
1
125
130
23
69
215
90
96
130
75
1
96
23
88
25
39
90
77
70
1
125
130
87
23
25
215
39
77
96
69
25
215
77
75
130
87
70
90
77
215
125
130
69
88
87
90
96
75
23
87
70
90
96
1
88
25
75
130
125
77
39
1
90
88
23
25
87
215
23
25
88
70
215
87
39
90
75
125
77
130
39
23
215
88
87
75
125
69
23
96
75
130
125
39
88
25
70
77
23
77
88
96
87
25
1
130
39
70
70
125
215
75
88
1
69
90
39
77
77
96
125
215
25
39
23
130
70
88
130
88
125
77
70
39
25
23
69
215
125
130
87
39
1
77
75
25
88
23
87
130
125
75
77
70
90
69
39
25
90
130
25
96
23
87
39
77
125
69
70
130
1
77
125
215
23
75
87
88
25
70
39
69
75
77
215
130
87
125
215
70
130
69
125
39
90
88
96
23
69
87
25
215
88
75
70
90
23
125
215
1
69
96
130
77
25
125
23
87
88
90
77
130
125
215
39
70
23
75
1
25
39
90
215
125
96
70
75
130
25
77
87
39
130
215
90
23
70
69
75
215
23
130
125
69
87
96
88
70
125
88
23
96
25
69
39
130
90
70
215
25
96
90
87
125
88
23
75
70
25
75
125
1
39
88
77
130
70
215
96
88
23
69
87
1
77
125
25
130
96
25
39
88
69
23
87
90
130
77
77
125
25
75
96
88
70
130
1
87
70
215
96
87
69
1
88
90
125
25
77
69
125
25
23
87
130
39
90
70
77
75
215
125
88
87
130
1
90
25
215
1
23
75
39
69
77
130
96
70
130
125
70
25
1
77
39
96
75
23
75
23
39
1
77
69
96
90
215
88
130
87
39
96
125
70
90
23
25
75
39
23
70
90
88
69
87
130
75
96
130
1
77
87
96
25
215
39
69
23
