60
62
58
27
223
97
215
91
73
234
97
143
223
91
37
58
1
73
9
62
60
37
73
91
27
143
1
223
62
104
1
234
91
60
37
104
9
58
27
215
91
215
104
143
27
60
62
73
97
1
27
62
9
37
73
60
223
91
1
143
234
9
58
27
60
97
104
37
143
1
215
91
9
62
60
73
143
27
1
104
60
58
1
73
27
215
91
143
37
9
37
215
104
9
62
234
27
73
1
91
104
27
37
234
73
143
1
223
62
9
104
37
234
60
97
73
91
1
62
223
62
104
91
1
9
60
215
27
37
97
1
91
223
27
215
58
62
104
60
73
234
60
1
58
62
73
223
215
91
104
1
104
234
215
91
73
62
60
97
27
223
215
60
37
58
9
97
143
62
104
143
37
97
27
9
73
104
60
91
1
143
58
37
215
104
27
97
73
223
91
215
234
1
91
73
223
143
62
37
60
215
9
58
27
97
73
104
143
1
62
1
62
58
73
37
97
215
91
60
104
37
91
60
9
58
223
143
97
1
215
1
73
9
60
27
37
223
215
91
97
62
143
234
91
1
215
104
37
73
97
58
62
91
60
97
215
1
223
104
37
9
215
27
104
223
37
73
58
97
143
62
73
143
223
104
58
97
37
215
234
223
143
91
1
60
73
9
37
58
27
1
27
97
234
143
215
58
9
37
62
27
73
9
58
62
1
223
60
215
37
215
37
58
91
62
104
9
223
97
234
27
104
97
91
62
73
223
215
9
37
37
60
97
223
58
91
104
215
27
9
223
60
143
73
1
215
97
104
58
234
97
143
1
58
60
9
104
215
234
37
91
27
58
73
62
1
143
37
9
97
37
27
143
104
60
58
91
73
62
9
27
104
37
73
9
1
143
62
60
223
104
143
9
60
91
215
97
1
37
62
1
91
223
104
97
37
9
234
215
73
1
62
91
37
215
73
223
143
58
104
58
60
27
9
104
73
1
234
143
97
60
9
73
91
27
58
37
143
97
62
91
215
223
234
104
27
58
143
37
9
60
62
223
73
91
234
58
215
1
143
60
97
37
62
1
143
104
234
27
91
223
234
73
91
58
60
27
97
37
9
234
60
97
143
37
1
91
223
58
62
223
97
60
215
62
234
91
143
104
27
