59
145
248
91
108
57
49
10
50
53
248
59
57
135
53
108
107
50
145
77
135
56
148
49
107
57
145
108
10
59
10
77
57
107
56
108
248
53
50
59
135
50
57
145
53
248
49
107
148
77
91
50
145
108
107
53
57
10
49
248
56
10
108
148
77
59
107
53
50
145
135
10
49
107
145
108
148
59
77
57
108
50
91
107
10
59
148
77
49
145
248
50
59
135
91
145
148
77
107
108
107
91
10
135
145
108
59
248
77
56
108
57
135
59
91
49
53
107
10
77
56
91
77
108
49
59
57
248
53
50
50
145
135
107
57
49
148
56
77
59
50
57
135
108
59
53
248
49
56
10
91
148
10
77
108
57
135
145
49
53
248
50
53
107
145
77
49
108
148
59
50
59
49
107
135
53
148
108
91
145
56
77
50
53
49
135
148
145
57
91
108
248
107
145
50
56
59
57
148
77
53
135
59
91
107
10
77
248
145
57
108
59
49
91
50
77
135
10
145
56
57
148
145
108
107
59
53
56
49
135
135
107
148
57
77
108
56
10
91
53
135
107
59
108
91
50
10
53
56
145
56
148
248
57
145
10
50
53
77
49
10
108
59
57
135
49
56
50
107
248
248
57
108
91
50
77
59
10
135
107
91
108
145
135
10
50
248
59
107
53
91
148
10
145
57
50
135
77
49
248
59
57
56
50
145
107
135
148
49
108
135
49
56
248
50
59
91
107
53
57
53
107
49
50
145
108
148
57
248
56
135
107
50
10
56
77
91
148
57
145
135
108
148
107
248
59
145
49
10
91
77
56
148
49
108
53
248
145
135
57
108
91
77
50
145
49
53
107
135
59
107
49
56
57
10
248
135
145
53
77
135
50
91
248
57
145
107
10
53
56
248
56
135
91
10
49
108
148
57
107
57
50
49
59
91
108
53
10
56
148
50
145
91
108
57
107
248
148
53
49
59
50
57
248
145
77
107
91
53
148
50
248
56
107
53
148
135
108
59
145
108
145
248
59
50
135
57
77
56
91
57
145
148
135
49
56
108
107
50
248
148
10
108
49
77
135
57
248
53
145
50
57
91
77
148
135
248
49
59
56
50
53
248
108
145
107
59
56
49
57
107
10
49
145
50
53
148
135
77
57
