84
236
4
110
7
80
9
93
143
1
11
3
9
84
110
7
93
4
236
81
3
81
11
110
2
9
83
93
1
80
1
11
81
236
9
4
93
110
80
3
84
9
11
2
81
110
93
4
143
236
7
1
84
80
93
83
143
9
4
3
83
4
80
110
11
84
7
2
81
9
3
143
93
1
84
4
80
236
2
7
81
9
80
83
2
4
3
11
7
236
4
3
84
93
7
1
80
81
2
110
7
80
143
84
1
93
11
3
2
83
81
110
11
236
83
80
93
4
84
9
81
11
1
84
2
9
3
4
236
110
11
93
143
2
1
3
236
84
83
81
81
84
4
236
143
11
3
7
9
2
236
110
81
7
11
3
4
143
84
83
7
143
11
110
93
236
84
83
9
2
9
2
143
81
80
1
84
11
3
110
7
81
80
143
1
83
2
84
236
11
7
83
1
2
110
81
84
3
4
236
4
7
83
11
143
93
2
1
236
3
9
84
93
81
11
7
80
110
1
143
11
93
2
236
84
81
143
1
7
3
2
143
84
4
80
236
81
110
3
7
84
80
83
81
1
143
93
11
236
4
93
2
9
83
143
3
236
4
80
110
80
1
93
110
7
236
143
11
83
84
93
84
83
80
7
4
11
236
81
2
9
143
81
236
1
4
84
3
93
83
93
11
83
81
7
4
2
236
80
143
236
80
84
143
11
110
81
4
3
2
236
4
11
83
81
3
110
80
143
2
93
83
3
9
110
236
11
2
80
143
3
93
84
1
80
83
4
236
2
143
110
3
1
80
143
9
11
81
83
4
81
110
9
80
4
7
2
93
143
1
84
110
1
93
7
2
9
3
11
81
11
83
80
3
110
2
143
84
1
7
2
81
9
1
93
11
143
236
110
84
81
143
1
3
9
80
83
4
11
110
93
80
84
3
236
9
143
2
4
81
236
4
93
143
1
83
9
81
84
80
143
3
110
11
2
83
4
80
81
236
143
11
110
236
9
3
7
84
4
83
4
93
1
7
84
81
110
80
83
9
4
11
110
143
84
9
7
236
80
83
236
81
143
93
110
84
11
2
83
4
81
84
7
11
1
9
93
236
4
3
110
9
143
7
1
81
84
11
2
3
236
11
93
81
2
9
3
1
143
110
