33
9
10
17
2
8
13
10
17
33
13
9
10
8
33
13
33
8
17
10
10
33
17
2
9
2
17
8
33
9
9
10
13
33
8
9
8
10
33
2
9
33
8
17
10
10
8
17
33
13
10
17
9
2
33
8
17
33
2
9
33
17
2
9
8
10
9
33
8
17
17
9
2
10
13
2
33
17
9
8
33
17
9
2
13
17
2
8
13
33
13
33
10
8
2
33
10
8
9
13
33
13
9
8
10
17
13
9
8
33
2
10
13
17
33
10
17
9
8
2
8
9
2
33
10
8
2
9
10
13
17
10
2
33
9
9
10
13
2
17
13
8
2
9
10
2
33
17
13
10
9
33
17
13
2
13
17
9
8
10
17
10
13
8
9
33
2
8
17
13
17
33
10
2
8
8
17
9
2
13
2
13
17
9
33
17
10
2
13
8
2
8
17
33
9
10
9
8
33
17
2
17
33
13
9
9
33
8
13
10
2
33
17
8
9
10
13
8
17
33
2
17
13
9
8
33
2
8
17
10
13
8
10
2
17
2
10
8
33
17
10
9
8
13
33
9
8
13
33
2
