354
330
150
131
129
349
38
137
128
80
264
38
137
128
80
150
330
354
261
81
80
330
349
38
261
137
354
81
129
167
129
261
354
81
150
167
349
80
264
131
354
38
261
128
330
187
80
129
81
137
131
150
81
129
137
261
354
349
38
167
261
167
129
80
354
38
264
137
187
81
261
128
131
330
150
129
137
354
187
38
330
128
167
129
38
80
261
354
264
150
349
187
264
354
261
128
330
81
137
80
187
264
38
129
167
128
354
80
81
150
150
354
330
349
187
80
129
81
167
264
38
137
187
150
131
354
80
264
330
128
150
81
349
187
38
137
128
354
131
330
128
354
264
38
349
167
330
129
80
131
261
187
129
264
38
354
349
167
131
150
129
187
38
349
330
261
167
80
354
81
150
38
264
187
137
81
128
80
261
354
81
167
330
38
131
129
137
128
80
261
264
330
354
131
187
128
261
167
80
349
187
264
38
80
150
354
131
349
128
129
354
349
264
128
38
167
330
80
131
129
38
354
187
349
80
261
330
150
131
129
354
150
128
167
80
349
129
264
81
261
81
137
330
354
80
264
187
349
129
128
167
81
80
137
38
261
187
349
128
354
187
264
81
167
349
129
150
330
131
38
261
167
81
264
137
349
150
330
129
187
349
131
137
261
150
38
81
264
80
187
137
349
261
167
330
81
354
128
38
131
38
330
129
81
354
261
187
264
80
167
167
137
330
261
264
150
38
354
81
349
187
354
330
129
80
81
38
264
150
128
80
137
261
187
38
330
167
264
150
349
330
81
38
261
349
128
264
129
80
131
81
349
167
261
330
150
187
354
80
129
187
137
330
354
80
38
150
264
128
167
261
131
264
38
187
330
349
81
137
80
349
38
137
81
261
264
187
129
131
80
187
354
129
128
330
264
261
167
81
349
137
80
81
349
264
128
150
129
38
330
167
131
128
349
150
354
137
261
129
38
167
187
330
150
137
128
38
261
354
264
38
330
349
261
80
187
264
129
131
354
80
137
81
264
354
38
128
187
131
261
80
137
129
261
264
128
38
354
150
167
137
330
167
187
129
131
264
80
128
349
167
349
330
137
38
150
81
261
80
187
80
137
349
81
129
330
261
131
150
167
167
38
261
131
330
129
137
80
349
354
