742
198
335
451
331
116
68
176
237
86
839
320
345
346
343
8
361
303
99
91
92
160
161
96
14
356
89
438
294
681
742
198
335
451
331
116
68
176
237
86
839
320
345
346
343
8
361
303
99
91
92
160
161
96
14
356
89
438
294
681
742
198
335
451
331
116
68
176
237
86
839
320
345
346
343
8
361
303
99
91
92
160
161
96
14
356
89
438
294
681
742
198
335
451
331
116
68
176
237
86
839
320
345
346
343
8
361
303
99
91
92
160
161
96
14
356
89
438
294
681
742
198
335
451
331
116
68
176
237
86
839
320
345
346
343
8
361
303
99
91
92
160
161
96
14
356
89
438
294
681
742
198
335
451
331
116
68
176
237
86
839
320
345
346
343
8
361
303
99
91
92
160
161
96
14
356
89
438
294
681
742
198
335
451
331
116
68
176
237
86
839
320
345
346
343
8
361
303
99
91
92
160
161
96
14
356
89
438
294
681
742
198
335
451
331
116
68
176
237
86
839
320
345
346
343
8
361
303
99
91
92
160
161
96
14
356
89
438
294
681
742
198
335
451
331
116
68
176
237
86
839
320
345
346
343
8
361
303
99
91
92
160
161
96
14
356
89
438
294
681
742
198
335
451
331
116
68
176
237
86
839
320
345
346
343
8
361
303
99
91
92
160
161
96
14
356
89
438
294
681
742
198
335
451
331
116
68
176
237
86
839
320
345
346
343
8
361
303
99
91
92
160
161
96
14
356
89
438
294
681
742
198
335
451
331
116
68
176
237
86
839
320
345
346
343
8
361
303
99
91
92
160
161
96
14
356
89
438
294
681
742
198
335
451
331
116
68
176
237
86
839
320
345
346
343
8
361
303
99
91
92
160
161
96
14
356
89
438
294
681
742
198
335
451
331
116
68
176
237
86
839
320
345
346
343
8
361
303
99
91
92
160
161
96
14
356
89
438
294
681
742
198
335
451
331
116
68
176
237
86
839
320
345
346
343
8
361
303
99
91
92
160
161
96
14
356
89
438
294
681
742
198
335
451
331
116
68
176
237
86
839
320
345
346
343
8
361
303
99
91
92
160
161
96
14
356
89
438
294
681
742
198
335
451
331
116
68
176
237
86
839
320
345
346
343
8
361
303
99
91
92
160
161
96
14
356
89
438
294
681
742
198
335
451
331
116
68
176
237
86
839
320
345
346
343
8
361
303
99
91
92
160
161
96
14
356
89
438
294
681
742
198
335
451
331
116
68
176
237
86
839
320
345
346
343
8
361
303
99
91
92
160
161
96
14
356
89
438
294
681
742
198
335
451
331
116
68
176
237
86
839
320
345
346
343
8
361
303
99
91
92
160
161
96
14
356
89
438
294
681
742
198
335
451
331
116
68
176
237
86
839
320
345
346
343
8
361
303
99
91
92
160
161
96
14
356
89
438
294
681
742
198
335
451
331
116
68
176
237
86
839
320
345
346
343
8
361
303
99
91
92
160
161
96
14
356
89
438
294
681
742
198
335
451
331
116
68
176
237
86
839
320
345
346
343
8
361
303
99
91
92
160
161
96
14
356
89
438
294
681
742
198
335
451
331
116
68
176
237
86
839
320
345
346
343
8
361
303
99
91
92
160
161
96
14
356
89
438
294
681
742
198
335
451
331
116
68
176
237
86
839
320
345
346
343
8
361
303
99
91
92
160
161
96
14
356
89
438
294
681
742
198
335
451
331
116
68
176
237
86
839
320
345
346
343
8
361
303
99
91
92
160
161
96
14
356
89
438
294
681
742
198
335
451
331
116
68
176
237
86
839
320
345
346
343
8
361
303
99
91
92
160
161
96
14
356
89
438
294
681
742
198
335
451
331
116
68
176
237
86
839
320
345
346
343
8
361
303
99
91
92
160
161
96
14
356
89
438
294
681
742
198
335
451
331
116
68
176
237
86
839
320
345
346
343
8
361
303
99
91
92
160
161
96
14
356
89
438
294
681
742
198
335
451
331
116
68
176
237
86
839
320
345
346
343
8
361
303
99
91
92
160
161
96
14
356
89
438
294
681
742
198
335
451
331
116
68
176
237
86
839
320
345
346
343
8
361
303
99
91
92
160
161
96
14
356
89
438
294
681
742
198
335
451
331
116
68
176
237
86
839
320
345
346
343
8
361
303
99
91
92
160
161
96
14
356
89
438
294
681
742
198
335
451
331
116
68
176
237
86
839
320
345
346
343
8
361
303
99
91
92
160
161
96
14
356
89
438
294
681
742
198
335
451
331
116
68
176
237
86
839
320
345
346
343
8
361
303
99
91
92
160
161
96
14
356
89
438
294
681
742
198
335
451
331
116
68
176
237
86
839
320
345
346
343
8
361
303
99
91
92
160
161
96
14
356
89
438
294
681
742
198
335
451
331
116
68
176
237
86
839
320
345
346
343
8
361
303
99
91
92
160
161
96
14
356
89
438
294
681
742
198
335
451
331
116
68
176
237
86
839
320
345
346
343
8
361
303
99
91
92
160
161
96
14
356
89
438
294
681
742
198
335
451
331
116
68
176
237
86
839
320
345
346
343
8
361
303
99
91
92
160
161
96
14
356
89
438
294
681
742
198
335
451
331
116
68
176
237
86
839
320
345
346
343
8
361
303
99
91
92
160
161
96
14
356
89
438
294
681
742
198
335
451
331
116
68
176
237
86
839
320
345
346
343
8
361
303
99
91
92
160
161
96
14
356
89
438
294
681
742
198
335
451
331
116
68
176
237
86
839
320
345
346
343
8
361
303
99
91
92
160
161
96
14
356
89
438
294
681
742
198
335
451
331
116
68
176
237
86
839
320
345
346
343
8
361
303
99
91
92
160
161
96
14
356
89
438
294
681
742
198
335
451
331
116
68
176
237
86
839
320
345
346
343
8
361
303
99
91
92
160
161
96
14
356
89
438
294
681
742
198
335
451
331
116
68
176
237
86
839
320
345
346
343
8
361
303
99
91
92
160
161
96
14
356
89
438
294
681
742
198
335
451
331
116
68
176
237
86
839
320
345
346
343
8
361
303
99
91
92
160
161
96
14
356
89
438
294
681
742
198
335
451
331
116
68
176
237
86
839
320
345
346
343
8
361
303
99
91
92
160
161
96
14
356
89
438
294
681
742
198
335
451
331
116
68
176
237
86
839
320
345
346
343
8
361
303
99
91
92
160
161
96
14
356
89
438
294
681
742
198
335
451
331
116
68
176
237
86
839
320
345
346
343
8
361
303
99
91
92
160
161
96
14
356
89
438
294
681
742
198
335
451
331
116
68
176
237
86
839
320
345
346
343
8
361
303
99
91
92
160
161
96
14
356
89
438
294
681
742
198
335
451
331
116
68
176
237
86
839
320
345
346
343
8
361
303
99
91
92
160
161
96
14
356
89
438
294
681
